27	34	70	79	82	91	110	119	123	132
32	41	44	53	118	125
0	7	51	57
0	6	32	39	88	96	161	168
41	49	98	103	153	161
30	38
19	27
0	13	26	39	80	88
39	47	50	63
0	7	36	44	61	68
0	7
26	34
19	23	28	35
0	10	47	57	86	94
0	10	47	57	86	94
0	25	89	97	120	131	133	143	145	155	157	166	170	180
0	11	21	29	116	127
19	27	31	42
88	96	230	238
40	48	155	163




32	40	198	206
73	81
0	8
46	54
215	223
20	28	155	163
0	8
21	29	52	77	79	85	136	144

3	28
4	8	29	53	137	161
28	32
42	50
19	27
10	14
33	37
23	27
13	17
36	40
27	31

57	64
38	45
42	54	56	82	84	92	94	105	107	114	116	127	129	139	141	149	151	160	162	170	172	181	183	209	215	227	289	296	305	322
67	74	78	86
0	7	30	40	42	50	55	63
4	11	47	80	149	160
0	26	87	94	98	124
38	53	212	222	239	246
53	60	64	90

0	8	10	17	52	60
19	27	61	68	72	80

0	11	13	20	45	56
19	30	95	102	106	117

0	7	9	16	64	71
80	87	112	119
0	11	13	20	54	65
24	35	69	76	80	91
0	10	120	135	153	163
28	38
41	51	68	75	146	156
16	26	54	64
21	31	61	71
0	8	87	97	101	109
36	46	64	72	119	127
16	26	31	39
0	9	19	29	58	67
74	84

0	8	55	65	69	77
17	25	29	39
0	9	63	73	77	86
17	26	30	40
0	26	57	65	67	77	110	118
12	20	75	85	94	104
2	28	107	117	160	173
0	10	36	51	56	69	85	98	130	145	149	162
55	70	74	87
65	80	84	97	111	121
24	34	60	75	79	92	115	125	141	156	159	172


13	20	36	60	62	65	73	85	87	93	96	110	112	118	123	132	134	139
9	15	78	85
0	7	29	40	42	48

28	39
56	78	85	97	99	104	107	115	117	123	126	132	134	141	144	156	158	164	167	176	178	185	188	199	201	209	212	224	226	233	238	248	250	258
33	40
31	40	49	59	118	128
17	27	31	42	74	89
11	22	57	77	81	87
50	68
0	16	46	64	113	115








91	100	103	111	141	156
55	70	74	82	170	178
29	37	79	94
12	20	22	31	34	42	66	81
0	8	42	48	57	62	72	80	89	99	122	130	164	175	188	196	205	214	262	270	290	298	303	311	346	360	454	468	488	496	500	514	547	561
0	12	31	36	75	117
57	62	80	92
0	6	35	41	113	121

19	24	53	61	65	71
35	41	46	50	127	131
0	4	24	30
0	13	42	55	92	100

50	58

0	9	43	52	103	111
0	6	8	16	80	86
57	63	67	75
0	9	75	80	112	121	125	141

11	20	30	38
0	9	98	106
41	50	54	58
0	6	25	30	62	68	95	101
47	53	110	116	151	159	195	201
73	77
10	16	54	58
0	11	90	98	122	133
0	8	73	84
8	19	34	42
0	7	102	106	133	140
11	19	46	53	110	117
16	24	36	43	94	101

36	40	45	52	68	75
60	66	83	102	150	162	195	203
109	117	144	154
58	77	79	88	90	117	124	132	135	148	150	168	175	188	191	205	207	219	221	238	245	254	257	264	268	275	277	297	299	322
0	15	38	55
0	19	114	128
0	20	106	112
14	20
0	19	90	103
7	14	46	66
22	41
20	50	52	61	150	167	176	186	188	201	208	220	222	239	250	261	264	287	296	309	320	326

4	18	34	44
42	52
5	19	27	42	44	55	60	72
0	10	63	80	82	89	131	153	155	164	168	179	194	204
0	10	26	38	40	55	57	59	61	65	70	76
0	9	22	30	90	98

31	40	45	53
19	27	50	61	131	139
0	6	73	81	85	105
0	25	28	51	76	96

0	7	30	36	38	49	58	71
0	12
45	51	55	67	169	175	179	205
0	13	38	51	104	114
1	24
16	38
0	18	87	104
15	33
0	11	13	24	78	89
14	25
34	40	83	97	145	151
15	22	24	29
54	68	80	94	97	108

33	47	57	76	78	101	105	127
19	33

0	7	30	38	40	50	88	102

66	80
16	23
60	75
5	12	14	25	66	83	146	157	194	202	206	218
75	83
43	50	53	56
0	6
0	8	44	57

0	12	43	54
0	6	32	40	61	67
0	8	45	65
22	31	34	66
4	13	29	49

32	42	49	58
65	76
56	65
4	13	17	23	94	100
18	24
56	65	86	99	102	117
63	72
18	27	32	45	48	63
0	30
31	40

5	14


0	9	43	45	47	66	120	122	125	132
0	9
74	83
21	40	44	61	153	170	176	192	196	205
52	67
52	71	78	89	91	104	106	119	122	132	135	164	171	179	181	189	191	200	202	212	216	231	238	249	251	262	264	275

27	36	38	47	49	59	77	86	88	98	100	107	112	123
124	139

28	37	39	61	90	105	108	121
0	6	40	51

38	44	70	91	93	107	109	121	123	139	141	149	152	165	170	183	185	194	196	207	209	219
76	82
56	64
16	30	48	56	79	93

53	63	67	84

46	63	67	77
35	47	49	57	62	69	95	112	137	154
11	24	28	39	65	82
19	36
0	17	58	64
24	33	64	73	86	103
0	6	46	60
11	28	35	48
52	64	90	104

0	14	30	44	46	54	61	73	80	89	91	99	101	115	117	129	131	140	142	153	156	164	166	175	177	190	197	211	219	234	236	252	265	272	274	309	316	321	323	328	331	344	351	364	366	377
0	10
15	21	30	57	94	104
0	11	44	61
17	37	47	60	62	72	77	84
12	25	68	87	91	108
35	48	60	66	68	76	78	86	88	96	100	112
14	27	149	175
52	58	62	75	159	171	173	184	186	193	195	201	203	214

23	29
18	31	104	110
0	8	10	19	36	48	71	80
5	21	27	32	56	76
24	40
0	6	8	19	24	32	128	137
0	18	20	27	89	97

0	14	17	20
0	6	13	19
0	14	16	23	83	97	105	116
41	46
0	10	19	53	94	99
0	15	17	26	62	75
0	10	64	73
0	13	15	24	39	60	103	116

34	42	80	98
34	52
4	16	68	75	79	86
38	45	47	59	171	183
127	136
15	24	40	48
57	65

0	9	38	50	77	89
38	43	63	76	79	89
15	20	25	31	39	52
5	11	144	153
61	70	118	128
83	93	118	127
31	40
53	63	118	127
10	19	22	32	120	130
56	65	87	96
31	37	93	108	113	130
10	24	31	39	42	52
4	12	47	54	58	70	100	106	115	121
12	18
15	29	50	56
53	59	63	69	71	79	83	93
26	35	39	45	97	103

0	6	24	30	40	66	112	118	147	153
15	21	25	36	61	72
83	94
75	81	83	94	121	127	165	171	175	181	185	196	221	232	281	287
25	36
84	91	135	141
0	6	65	75	77	86	88	96	98	109	114	137


120	127	131	150	152	163	165	174	176	187	189	197	199	208	210	220	222	230	235	242
60	69
46	53	56	75	77	88	90	99	101	112	117	127
0	8	74	81	94	102
0	9	85	92	105	114
17	25	28	37	55	62	83	91	94	103	115	123	126	135
0	9
64	72	193	209	211	228	230	254	259	278
11	22	24	32	34	42	44	55	57	67	71	82	148	156
94	102
55	63	67	76	169	177
20	30

54	61	63	75	80	88	149	157
44	56
33	43
86	94	151	165
19	29	133	141	146	153	155	164	168	175	178	185	187	194	196	207	209	220	224	233
22	32
63	70	72	82	84	97	99	106	108	118	128	142	151	161
33	42	44	60

57	69	71	85	87	95	97	115	118	134	177	186	221	230
0	9	89	110
116	137
0	9	11	40	48	55	57	65	70	78	105	114	238	252	357	365	367	376	378	387	389	400	402	412	414	423	428	436

42	53	129	140	142	153	155	166	233	244
12	19	21	33
20	34	36	44	46	58	60	72	83	94	127	138
54	65
25	36
38	49
24	30	63	70	182	189
22	29	31	42	47	53
7	19	84	96	139	151
63	72	100	121	139	148
12	24	37	44	55	62	64	70	73	81	86	89
18	29	33	46
15	27	36	49	63	76
15	26	36	44	129	140
15	26	57	65
23	31


65	77	79	89

27	37
32	42	100	110	259	271
90	102
0	6	35	41	92	102
56	62	103	109
42	48	60	72	74	81	110	117	157	167
44	50	92	99
42	49	81	93
0	7	50	57	149	156
60	72	108	115	128	154
11	18
8	15	147	154	158	172
21	35	82	102
33	47	89	96
8	15	22	36	70	84
32	39	49	90
0	9	13	21	39	50	52	57
17	24
105	112
55	62	102	110	113	122
0	8
57	77	84	91	106	116	123	137	139	151	153	162	164	173	175	184	186	196	198	205	210	229	232	240	247	253	260	270	272	283	288	296
32	39	131	144	146	160	171	196	310	336	389	397	400	412
24	32	35	47	68	75
43	57	146	154	157	169	178	188	206	214	216	226	228	238	240	249	252	261	268	278	285	292	301	311	313	327	335	349
0	8	83	95
38	44	166	172	211	218
0	8	23	48	50	56
5	30	32	45	47	57	59	67	71	79	108	120

4	17	41	48	122	134
0	6	22	28	48	54	98	110	128	134
72	78
3	10	31	37
72	78	111	129	131	137	141	150
0	6	51	80	82	90	92	101	103	109	115	132

50	66
8	19	82	98
0	10	145	156
40	47	130	137
72	78
44	54	88	99	187	197
0	10	137	149	160	172	184	192
60	69	72	83	119	128	142	153
0	12	61	71	115	125
21	31
96	108	111	118	142	152
0	10
54	64	142	153	155	164	166	177	183	196	198	210	215	230	238	248	250	256	261	268
61	71
24	38	40	56	58	93	95	109	114	126
0	12	61	71	115	125
21	31
96	108	111	118	142	152
12	42	66	73	108	121	128	134	136	144	146	160	164	180
5	16	38	45
15	53	55	82	89	99	101	110	112	122	126	138	228	249

0	7	34	41	113	121	123	130	141	148	230	237
19	26	30	37
0	11	56	67	133	140
0	8	10	20	36	43

4	12	14	24	28	31
0	11	13	32	43	54	58	77	121	128	163	174	177	196
0	13	94	96	127	146
25	32	37	50	174	190	234	241
4	17	48	55	63	76
41	55	98	117
33	46	69	76
0	11	32	39	49	70


53	60
14	17	41	43
0	10
7	17	181	191

0	8	10	22	27	36	87	95	97	109	114	123	140	150	179	189
55	65	106	113	162	172	176	183	233	243	308	315	402	412
9	18	20	28	33	41	74	84

0	10	47	58
5	40	73	79	81	101
0	21	79	104	107	130	148	169
0	6	72	78	91	97	158	164	182	189	246	253
0	11	33	39	43	54	95	106	123	129	151	162
0	6	42	48	77	83	129	135
0	28	95	107	161	167
0	6	29	43
11	18	48	55	57	64	90	97
0	8	44	51	79	86	160	168
0	9	70	76	105	111	143	152
4	17	65	71	157	170
0	8	44	50	79	85	137	145
0	10	95	101	130	136	170	180
0	7	51	57	117	124
88	94	155	161
12	19	48	54	86	93	110	116
0	11	28	37	75	84

42	49	63	66
11	14	88	95


0	13	14	29	58	71
11	23
78	93
0	7	26	36	97	104	131	140	213	222

26	33	95	102
4	14	72	79	144	151
89	96	135	145

4	21	22	32	62	79
0	14	17	20	70	92	95	98
31	46


19	28	38	57
0	20

4	21	74	83	103	114
56	72	79	90	94	103	107	126	133	144	148	161	172	181


21	27	35	41	52	68	70	87	92	102	142	151	154	171
25	46	75	88
24	37	47	55	57	65	67	79	88	98	100	113	120	126	128	151	153	183	188	194

0	15	85	100
62	72	88	95
127	136	141	156

12	17	36	47
46	57
10	21
0	11
28	39
0	11
27	38	40	45	91	110	114	120
0	11	36	43	52	67
88	93
30	35	36	47
70	81
0	11
46	57	132	143	145	153	155	164	166	173	175	187	189	196	221	237	240	249	251	258	260	268	270	276	278	284	286	294	302	314	316	329	331	346	349	358	360	369	371	379	381	388	390	398	400	413	415	427	431	441
32	43
32	43	68	79
54	61
84	103	114	125	130	137

19	38	42	49
64	75	173	184	186	195	206	209
73	92	94	96	121	140	151	162

0	11
54	65	86	97	109	120	153	164	247	258	263	274	314	323	325	338	340	348	350	361	363	372	374	383	385	393	395	404	406	418	421	432
16	22	177	188
37	55	63	76	109	115
37	44
11	17
17	23	27	34
74	82	97	106	163	171
19	27


55	61	72	83	169	176
28	34	57	67	150	156

0	5
74	79
71	80	124	129
8	16	48	53	153	161	178	183
61	66	163	168
54	59	63	68	112	117	187	192
31	35

16	21	23	30
23	28
59	64	82	105
26	50	57	68	70	81	118	128



76	86
83	95
0	9	63	72	110	120
14	23	78	87
9	15	68	74	132	142
130	136	151	164	167	195
10	17
27	33	37	48	81	92	102	113
66	77
0	6	34	54	56	67	69	77	79	87	89	106	111	125
70	76

23	44
0	18	29	40	42	55	57	70	72	84	88	101	152	157	160	174
40	45
7	23	90	106
0	8	20	28	141	145
72	79	137	147
2	10	88	92
18	28	80	88
20	32	45	53
0	8	23	48	50	54
5	30	32	45	47	55	57	67	79	87	145	156	158	164	166	177

0	6	22	28	42	48	103	109
71	77
6	13	41	47
0	6	63	69	106	110	132	138	165	175	177	189
0	9	68	78	82	91


36	40	98	108
38	48	71	83
17	27
16	22	27	50
0	11	25	35	76	84
0	12	32	59	100	125	127	130

20	35	58	81
0	11	25	35	76	84
0	12	32	59	100	125	127	130

20	35	58	81
0	10	58	82
63	73
0	10
127	134	143	153
148	166	184	190	192	210	212	236	238	246	248	266	268	293	295	306	308	320	322	329	331	340	342	352	357	366
34	42	80	98
17	24
0	7	33	54	65	83	85	95	100	111
0	7	35	46
0	7
38	49
46	56
5	52	85	99
0	6
46	72	90	116	137	143	254	260	273	299
14	22	76	82	114	120	164	171	185	193	207	241	252	258	303	309
25	31	89	95
4	11	15	25	161	168
36	43	78	88
127	137	144	155	175	193
0	7	9	20	22	34	36	50	52	60	65	95
0	8	10	17	19	27	29	36	74	84

0	9	37	46	83	93
0	9	56	65	101	111
0	9	11	20	124	134
0	9	11	20	124	134
155	164	166	175	177	185	187	197	199	207	209	217	222	228	257	267	330	343	345	355	357	368	370	388	393	406	455	465
75	85	104	114
0	10
66	76
0	18	25	35	39	53	71	89	100	111	113	126	128	141	143	155	159	172	203	209
65	71
33	38	128	148	155	162	221	246

0	5
98	107	170	175
36	48	51	60	96	101
62	67	87	104
6	11	15	21	52	57	135	146
5	10	14	20

35	47	49	57	61	68	94	108	133	146
11	24	28	39	65	79
19	32
0	14	55	61
24	33	64	73	86	99
0	6	46	60
11	25	32	45
52	65	91	105

0	18	35	55	59	82	124	142	164	184
30	50


0	12	40	60	64	87
0	12	14	26	56	76
0	26	34	54	72	92	96	122
0	11	28	48	52	63	114	124
0	12	29	41	45	65	95	102
47	58	60	73	75	83	85	101	104	117
0	11
7	14	62	81	83	105	117	132	134	146	182	189
40	59
27	48	64	71
0	16	71	84
25	36	77	90
27	37	42	55
30	37	138	146	151	158	160	169	174	181
17	23	27	35	40	54	56	67	69	82	84	93
54	61
49	56	195	209	214	225	228	234
57	66	68	76	81	89	112	119
102	109
0	7	119	145	150	164	168	197
117	131	152	166	176	191
25	36	62	75	86	92
35	46

35	46	74	88	90	104	108	115
66	78
0	12	16	37	58	72
0	15	53	62	64	75	77	85	89	105
0	12	26	37	39	45	54	66	80	90
33	45
0	10	12	21
51	59	63	75
0	13	15	28	88	97	130	135
0	7	30	35	39	46

2	7	31	38
30	39
8	17	42	49	51	59	63	71
23	28	85	94	96	107	109	116	118	126	128	135	140	148

18	23	28	41	67	76	157	181
20	26	62	71
31	37	91	100	148	153

46	55	67	72
23	34	59	69	129	139
26	36	95	105	166	177
97	103	105	115
34	40
16	23
34	40	44	62	101	107	109	120	125	133	191	198
15	23	25	34	37	43	77	86
0	9	61	70
15	24	58	67
0	9	30	39	60	70
22	35	78	87	125	135	224	234	275	284
0	12	14	27
8	20
21	31
20	32	75	85
0	6	8	21
8	14
21	31
32	42	85	91
29	34	36	55	85	96


46	57	61	67	69	76	78	85	89	98
38	45	77	82
35	40	118	129
63	74	129	135	137	144	146	153	157	166
77	88	143	150	158	174	182	203	211	223	231	264	272	280	288	307	316	327	338	351
7	22	56	79	124	149
7	21	30	53	90	113	138	152	161	187	190	208	215	225
25	31	33	49	66	80	130	144
2	8	48	62	99	113
27	33	72	86
28	42
46	52	71	100
37	66

0	10	63	73	103	128
43	62
27	37	77	87
46	56	98	108	125	135	154	164

87	98	102	111
55	66	88	98	129	140	187	197
26	36	57	69	97	104	125	137
79	91
59	72
42	52	56	65	74	83	96	106	110	119

47	59	88	100	105	115	118	127
1	9	11	18	36	44	47	54	301	323
33	45	60	72
62	79
45	62
32	49
22	35
41	53	100	117
0	10
0	6	15	29	46	53	90	102
76	88

0	10	33	50
0	10	48	64
0	9	66	75	77	86	88	96	98	113	115	123	125	138	140	147	149	156	158	169	182	196
31	40

19	25
53	59	67	73	77	91
68	78
0	10	96	104	106	118	122	128

10	28	30	43	54	62	65	88	93	107
26	36
0	11	45	58	67	77	79	87	89	100	102	116	118	131	136	147
131	140	144	153

31	40	44	48

68	91	95	102	106	141	145	152
79	88	93	117	119	127
0	6	102	108	140	150
17	23
20	26	29	35

0	13	17	26	46	62
13	29	61	67





26	33	72	83
67	77	147	157	226	236	286	297
63	70
68	74
41	54
8	15
69	76
2	15	41	54
42	49
32	33	81	90
20	21	112	126	128	138	140	154	156	166
32	33
37	43	122	131
24	30	63	73
37	47	52	58
0	8
88	94
68	74
0	9	64	72
15	24	42	46
43	51	93	103	107	115

26	34
16	24	26	38
5	18	22	39	42	50	52	64	90	107	111	124

24	30	88	100
18	30	120	126
13	19	22	34
0	6
0	11	61	71
15	25	69	75
18	29	33	41	83	94
0	5	49	52

27	32	65	73
32	39
23	30
0	13	37	48	50	60	65	75
21	29	58	69	96	113	146	153	185	196	223	234	237	245	274	282
45	53	64	72
21	36	93	105	106	113
37	44
0	15	48	56
13	28	82	90
76	84
0	11	27	38	88	99
13	28
19	27	31	37	102	114
16	28	47	58
12	24	54	65

45	57

32	45

0	8	32	43	45	55	60	70
21	29	58	69	96	113	146	153	185	196	223	234	237	245	274	282
0	4
66	75	89	109	115	131	134	145	150	160
0	14	21	31
18	37	64	78	97	132	134	138	146	155	157	167	169	178	180	189	284	294
26	36	42	45
19	24	68	79	81	92	94	107	109	118	120	128	130	139	141	150	152	160	162	171	173	185	187	198	212	220
47	52
19	24	60	72	74	82	84	96	98	105	107	115	117	126	128	140	166	174

20	25
17	22

0	5
32	52	54	60	65	73	75	83	85	99	124	131
77	82	99	128
36	41	87	116
36	45	49	54
38	50
10	15	64	73
68	80	84	91
65	72	76	81
16	27	52	63

70	76
26	31
33	38	63	69	73	79
0	13	21	27	31	49	91	109	111	122	212	217
37	42
0	11

81	91	93	108	112	125	148	157
34	43
44	48	50	59
37	46	69	80
28	39
33	44	78	87
48	58	88	98	100	115	117	130	135	146
31	41
83	106	118	153	155	159	165	203
77	87	115	124	127	133
0	10	34	41
0	10	34	45
102	112	116	123	159	165
0	10	37	44	84	93
0	10	34	45
103	116	146	158	160	172	174	183	185	201	203	214	219	240
0	11	73	84	107	117

31	42	74	84	111	121
19	29
27	38	42	52
0	11	47	57	102	112	116	127	146	157

27	38	42	52
33	58	69	79	81	93	98	107	111	122	127	138	173	183
0	9	53	64	68	81	100	110	158	169
56	66
134	145	148	161
27	37	42	55	57	68	72	85	182	192	202	221	232	243
40	50	55	66
29	40	68	81
16	28
52	63
0	10	56	67	69	75	77	90	95	103
117	127
4	17	64	76	80	95	149	168	177	192
53	63
13	23	62	83	101	122	124	135	137	145	147	157	159	166	168	176	178	186	188	200
0	9	14	40
170	180
0	12	44	55
30	42	46	64

15	23	25	32	35	47	53	66	68	76	78	101
0	13	38	51	58	69	71	81	83	89	91	97
8	15	19	41
45	54	56	69	74	80	86	96
28	53	60	69	71	80	84	97	184	194
19	25
41	47	77	97
0	6
68	78	97	104
15	32	41	54	68	81

20	25	42	48	54	60	64	69	111	118	122	130	142	149	178	183
0	6	35	40	70	75
20	25	46	57	106	115
30	36	66	71
22	32	48	55
0	6
12	41	43	57	76	83
29	35	45	59	81	91
0	8	38	44	48	54
8	16	35	41	45	51	104	110	114	120
19	22	38	41	59	69	71	79	92	106	115	129	136	162	176	190
31	34
4	12	23	36	55	64
0	3	44	57	59	68	70	73	77	84
19	26	62	69	74	81
82	89	93	100
51	58	71	84
47	59	62	68	112	119	125	142
21	28	60	71
0	7	16	49	95	106	153	164

17	28	119	129
20	31	72	87	92	103	105	114	118	137	142	153	155	168	172	183	186	196	218	225
51	61
56	64
16	25	43	51	81	89	147	155
0	9	25	41	44	51
0	11	44	52
0	11	54	62	92	100
76	84
5	16	157	168
35	46	114	125	127	134	136	144	146	157	162	172
46	55	85	96	114	126
49	62	64	75	77	88	90	99	139	150
34	45
0	11	42	72	82	88	90	101	103	111	113	130	132	140	145	158
12	31	39	46	50	73	119	130
0	11
19	26	36	56
0	20
88	95	117	124	230	236	238	249	251	261	263	270	272	281	283	291	295	303
18	25	115	122

51	58
27	36	40	55
103	115	117	131	133	142	144	153	155	162	164	171	175	183
30	39	98	110
73	82	87	95	111	119
18	26
0	8	267	275	304	320	354	360	450	460	503	521	556	562
28	41	79	86
27	38	84	101
0	32	134	140	158	190
74	80	84	102
5	18	104	110	119	132	139	150

101	104


91	136	246	289
19	62	136	181	286	329	331	376	383	426
14	57	71	114	184	227	229	274
306	349	351	396	418	461
3	48	88	131
2	45	250	293	295	340
86	131	153	196

8	19	73	84	86	91	108	134
0	11
51	62	96	107
23	34
10	21
14	25	52	63
0	11
15	26	75	86

14	25


19	30	83	94
89	100	151	162
18	29	33	44
0	11	15	26	30	55
0	15
5	16	32	47	86	95	97	103	105	116	120	132


13	24	28	39
31	46
0	11	15	26	43	52	56	62	87	98	114	127
31	46

14	23	38	49	71	81
44	53	92	102	123	134
75	84	111	121	140	151
0	10	114	121	140	151	188	197
10	20	30	37	75	85	101	112
5	15	19	30
33	42	77	87
27	31
3	20	22	26

20	24


102	106
44	48


38	42	78	82	86	92	167	171
48	52
11	15	91	97	101	105
23	27
0	7	38	51
27	34
7	28
49	62	118	125
0	13	15	22
50	57
88	95
39	52	115	122
110	117
15	22	60	67
51	58

0	7	78	87	115	124	152	161	189	201
4	14	48	55
0	7	25	34	36	45	47	56	58	70	74	84
27	37
24	33
167	176

80	99	101	103
22	31
148	157
0	9
0	2	25	34
56	65	88	102
60	62	64	85	87	101	103	114
0	10	14	27	45	53	71	80
87	96	138	147

74	77
128	150	152	155
0	3	182	192	194	208	210	222	226	244


13	25	28	46
0	14	35	45
52	64	68	86
0	3	58	70	73	91

62	69	73	80

82	89	107	114
50	57	134	141	152	159
43	50	58	65	129	136
0	8
0	8	12	29
96	104
19	27
0	55
0	9	13	22	53	61
77	95


71	79	106	124	131	140	144	153
30	47	59	73
19	32	80	88	93	103
0	10	112	121
8	17
44	53	74	84
33	42
43	53
21	30	48	58	93	102	128	138
35	45	117	126
84	94
23	32	55	65	92	101	130	140	178	188
77	87
41	52	75	84
28	39	43	52
84	92
23	31	136	147	183	192
18	26	81	90	140	159
96	107	128	137	196	207

35	44	72	82
67	80	82	84
20	29	101	111
138	147


58	68	107	116
83	93



0	9

50	60


43	53
16	25	53	63

13	21	35	50
0	8
33	58	104	125

109	112	114	122	124	134	138	146	147	155
24	32	115	123	127	137
0	8
37	45



44	52	103	113
22	30
19	29	33	52
25	44	48	58
40	59	102	112
16	25	29	39	172	181
0	11	34	44
22	41	68	78
43	53	77	86	90	101
82	101	105	115
17	27	40	49	75	85
44	54	67	76	94	104

91	100
27	37	41	50


16	26	30	39

17	29
0	6
21	30
22	31
72	84	127	136
15	27
36	42	66	78

17	25	30	39

0	6	49	55	58	65
0	6	68	74	78	85
23	29	38	41	102	108
44	50	65	71	75	82
62	65
23	29	71	81	85	98
27	33	74	81
0	6	24	38	54	61
0	6	28	38
1	7	44	51
45	51	97	103	118	121
97	103
29	37	41	49
35	43
54	62	110	118	122	130
70	78	81	89

0	8	101	109
31	39	43	51
22	30	41	49
86	94	153	161

0	8	141	149	160	168	181	189	200	208
27	38	42	54
21	33

49	61

85	95

70	81	83	95	97	104	108	120
50	62
62	74	78	89

25	37	53	65	69	76
18	35	39	53





4	21	99	114

12	20	24	34
12	32	33	41	43	72
6	19	20	30	71	114	116	119

26	29
21	29	32	42

20	28	38	47
36	45
37	46
67	76
11	19	53	62
53	61	65	74

50	59
41	50
19	27	32	41
39	47	52	61	147	155	157	166	169	178
0	8	10	19
0	8


37	45	50	59
69	77	115	124
52	60	69	78
13	24	28	34	84	95	97	103
109	121
27	38	59	65
67	88	111	138

67	94	96	99	140	152	140	150
34	37	118	137
17	20
30	33	73	93
22	25	82	85
13	23	27	32
58	68	70	73	93	98
11	14	18	23



58	63	70	73

0	5	9	19
0	8	17	25
35	43	56	64	116	124	145	153
14	22	36	44	95	103
17	25	125	133
46	54	73	81
0	8	37	45	59	67
18	23



150	174	176	181
73	78	115	129


91	101
0	5	54	59	64	74

0	8	43	57
0	14
63	71	86	100



14	22	47	61	73	81	92	106
49	63	75	83	170	184
44	58	76	84
42	56	61	69	156	170	175	183
27	36	38	46
30	39	41	49
92	101	103	111
12	27



47	56	58	66
27	36	38	46	213	233

66	75	77	85	165	185
0	9	11	18	32	42	44	49
17	26	28	35	56	71	91	97
17	27	29	34	39	47	49	55
0	10
11	18	21	29
0	7

33	40
17	24	98	106	122	131	181	189
0	8	69	76
39	47	68	75	123	131
33	40	73	81
