
39	46
54	61
0	7
25	32	71	82
66	73

52	58
45	47	49	54	56	70	75	91	107	115
97	103	105	107	109	114	116	130	132	148	150	161	163	173	175	178	180	197	199	209	211	223	228	235
27	39	44	50	152	165
21	27	31	44
59	65	94	101
32	40
0	8
28	34	36	43	45	75	77	101	103	139	159	166	168	178	183	189
0	6	13	26	28	40	45	62
84	93	96	126
22	28	32	42	83	89	92	102
50	59	62	69	104	114
19	28	33	43	95	105

21	30	52	67	112	122
80	90	108	118	120	128	132	140	151	165	170	189
14	24	42	56

20	28	37	45	47	61	63	76	78	92	94	102	108	121	123	131	133	145	147	162	164	191	196	204
47	54
46	53	71	83	86	92
0	19	26	33	38	64	110	116	118	127	149	156
0	7	46	52	95	101
39	46	105	111	113	122	124	134	138	147
0	7	58	69	70	78
0	7	17	23	68	74	126	132	205	211
11	19	39	46
28	36	75	82	117	125
57	64	68	76
0	27	35	43	81	99
19	28	33	54
68	93	97	122
17	29
37	67	70	103
29	35	37	55	57	67	69	82	88	101	103	113	117	124
0	5	14	22	59	67
81	89

43	51	53	58	91	99
63	68	88	96
41	67
0	12	41	60
0	12
52	63
0	12	40	50
0	12	38	46
0	12	51	61
0	12	22	28	44	50
0	12	16	32
0	12	23	34
18	31	66	69
19	28	33	41


0	6	36	45	82	90	94	100
0	12	47	55	107	119	122	133	143	156
57	69	92	100
54	62
0	21	89	97	101	126
32	40	89	97
18	26	66	74
24	51	121	129
0	11	79	90	94	103
29	40	45	53
0	8	12	20	44	52	73	81
0	12	23	31	35	47
0	7	15	23	52	59	75	83	88	96
57	65	69	78	80	86	90	98
29	37	59	89	91	98

32	40
52	59



85	93
108	116
59	67
0	11	13	18	79	81
51	56	59	61
0	7	35	42	46	68	80	96
22	29	51	56
26	33	43	60	71	76
2	9
63	68	70	79	83	95	113	120
65	72
118	132	139	148	150	157	160	172	174	185	187	216	228	236	239	248	250	259

11	19	21	29	105	113	115	143	145	172	177	213
0	6	10	18	86	94
88	96
8	16	36	44
12	20	37	51	58	65	69	80
20	34	49	57	73	81
0	8	32	43
19	27	57	68
0	12
20	28	122	134
21	36	43	54	57	68
0	9	11	21	23	32	42	46
0	9	11	13	15	24	26	34	36	55


0	12	48	67	93	105	137	147
0	11	27	38	109	128	208	218
43	62
21	32	75	85
0	9	11	30	123	132	163	173
0	19
0	11	34	45	47	59	128	138

0	8
68	84	91	99	101	110	112	122	124	132	134	146
58	72	74	85	104	112	144	154	175	186	188	199	212	220
22	30	51	70
51	59
107	115	119	138	153	163	165	176	178	186	190	204


143	151	155	169
120	134	138	146
8	22	44	52	188	196	233	241	267	279	288	304	340	348
25	46	131	143	193	226


80	92
84	96
77	89

44	50	87	103

81	89




37	45
9	15
201	217





16	22	161	167	230	236
195	201
103	109
0	6



96	102
28	34

19	25
118	124

28	34





22	28
0	6
78	84
18	24	82	91
11	20	61	71
107	120

18	24	33	50	86	96
90	96	133	146	153	164	166	178	180	186	207	217


53	81	137	143	172	183	188	194	218	224
0	9	31	37
16	22	93	99

77	85	94	107
37	45	83	96

21	29	53	61
19	28	30	37	39	46	48	57	59	65	67	75	77	95	97	104	106	114	116	124	128	137	184	192
19	28	36	44
19	30	60	68
0	11	48	59	64	72	123	131
61	69
9	17	30	38
19	27	74	83	85	91	93	101	103	112	114	122	124	132	134	141	143	154	156	163	166	184
0	7	21	29	32	39
0	9	15	23	46	55	72	81
22	29	76	79	83	103
38	41	54	57
94	113	124	141	143	162	167	182	195	202
62	69
81	91
30	40
0	13	15	26	28	38	70	83	87	98	101	114
59	72
19	32	34	43	47	58	60	65	109	119	205	218	221	232
29	42	45	56
0	8	31	41	67	79	81	89
78	88	115	123

0	15	36	45	69	84	156	165
30	45	49	59	208	218
96	106	131	146
0	16	51	61	65	81	113	123
67	83
94	104
148	164	168	178
0	9	11	21	94	103	106	116	133	143

0	14	47	62	71	85	166	176
74	84	137	152	154	164	166	174	176	187	194	208
0	13	15	28	61	71	78	88	92	105
61	71	75	88
0	10	31	42	93	109
12	23	53	64
0	10

0	20
66	75	89	109	115	131	134	145	150	154
0	25	45	55	80	90

5	21	43	59	88	92
0	9	32	42	78	88
0	35	37	41	44	48	55	64	66	76	78	87	89	98	191	203
26	30	36	39
0	8	28	38	42	50	97	107

18	28	56	67	201	211
29	39	76	87	89	97	102	113	153	163	181	191
0	4
7	15	133	141
0	10
55	65	134	142
0	10	24	32
27	35	39	49
27	35	73	92	96	105
0	11
55	66	113	121
0	11	25	33
23	31	35	46
18	26	59	72	74	86	88	105	107	118	123	134
59	67
79	87
100	108
30	38
22	30	114	122	124	135	140	150
66	77
22	30	94	112	113	128	132	145
45	53	75	83
22	30
11	19
63	71
0	8
0	8
19	27
3	17	28	37	102	124	126	140	142	156	158	164
36	45	49	59	155	164

16	25	72	81
75	84
102	111	159	168	189	198	203	212	253	262
18	29	70	79
22	35	76	85
90	104	127	136	169	178	186	200	248	257	294	308	318	327	363	372	389	397	399	407	409	428	435	446	450	463
24	33	69	78	95	104	108	117
24	38	48	57	105	114	116	127	129	138	140	150	155	164
61	70
41	58
23	33	41	50	54	63
0	11	19	26	30	42
0	16
3	11	19	28
0	8	68	78
16	23
34	40	44	62	101	119	121	132	136	144	210	217
5	19	20	26	30	36	97	104
7	13	15	21	25	32
19	25	28	34
33	40
26	32	36	72	110	119	168	178
26	32	36	44	56	65	94	103
57	66	94	100	107	115
32	41	72	101
18	29
27	40
54	59	79	105
4	12	49	85

0	6	36	44
16	22
35	69	131	134	136	152	156	172
14	20	24	59	148	155
5	16	20	45	56	62
120	125

87	90
20	25
18	23


36	41
0	7	34	46
12	25	46	59
0	16	38	45	49	56
28	30	88	99	101	108	112	126

0	9	59	61
27	36	68	70
46	61
51	72	79	90	92	108	110	122	124	137	139	150	154	166	239	254
0	17	40	46	48	54	56	65
25	31	43	60	75	81
0	17	48	57
26	35	57	74
0	9	25	42

0	9
10	19
56	65
74	88

37	46	164	173
5	14	143	152
36	53	55	72
29	38	47	55	96	105


13	22	53	62	98	114
0	21	23	32	66	75
64	73	129	138

60	69	76	85
0	9	51	56	58	63	65	70	75	80
60	64
53	69	72	83	85	90	134	143	210	221	276	287
0	25	27	37	39	44	72	81
16	32	53	59	88	97	133	139
0	9	32	38	56	62
22	31	43	51
2	10
37	45
0	14	21	34	47	55	57	68	70	81	86	94	124	133
55	63	65	76	81	89	118	127
0	8
0	9	32	40	50	58
0	9	32	43	95	106	118	129
0	8	83	92
14	23	69	78
25	34	60	64
18	35
13	22	32	45	190	199
20	29	131	140
27	40	79	88
163	172
2	11	48	61
0	16	18	27	71	78	99	109	112	117	130	143	161	169	172	177	191	199	202	207
12	21
0	13	29	36	43	48	52	57	68	80	126	135
35	42	47	56	116	128
4	8	55	64	92	97
16	25
53	63	65	72	91	96
16	23	45	54	109	118	122	139

5	14	30	35	99	108	129	138
29	38	40	47	49	54	82	91
39	48	66	74	76	81	105	114
31	39	112	121
0	15	35	40	44	49
0	9	18	23
0	13	49	58	88	89
0	11
0	15	17	36
71	80	85	100	102	121
98	108	110	118	123	131
8	17
57	65	99	107	109	124	129	140
131	143
140	148


60	83	85	88
135	137

37	39
80	88
0	9	55	69	71	84	92	112	113	123	127	136
20	46	48	52	60	69	71	80	85	94
16	19	21	23	119	122
54	57	70	74
103	112
16	39	133	155
83	105
22	24	46	48
0	25	27	38
0	6
0	6	8	19	28	41
3	12	17	32	44	58	67	81	97	107	125	135
31	46	65	79	92	102
38	61	79	93
0	9	54	77	151	155
51	74	100	109
25	48	104	118	140	149	163	166
17	26	61	84	88	97	140	154
45	57
69	81	95	110
61	73	75	94
0	19	26	40
0	14	18	30	32	35	51	63
56	68

0	18	20	32	65	73

0	10	45	57	112	122
0	9	16	27	29	38	40	51	53	63	114	126	130	139	151	160	188	200

40	54	56	67	72	82

0	22	24	36	87	109	116	127

0	20	89	101	105	125
61	70
0	10
0	24	26	40	42	54	56	67	71	83	123	133

4	17
0	9	45	54	92	101
48	57	114	126
0	9
0	9

0	9
0	20	33	42	75	95
0	8	93	102

0	9	110	119
0	9	94	103
0	8	28	37	41	49	75	83
18	27	31	39	126	135
0	9

32	41	53	61
85	94	98	106
76	84	145	150	152	160
6	16	30	36
64	73
52	58	62	69	98	107	116	125	149	155	158	165
106	115	136	142	144	156	158	167	169	172	174	183	185	195	200	210
38	47
64	73	121	127

54	63	67	85
16	22
0	9	105	111
0	9
66	76	152	161
0	9
0	9	187	198
0	9
65	73	75	83	85	92	94	102	106	115	134	143
42	51	68	77
58	67

113	124	127	133
74	80	84	93	174	183
43	49	53	62
0	10
0	10
0	10	43	52
60	69	152	159
22	29	67	77	80	87
45	52	56	64	116	124

57	65	93	103
19	29	33	41	64	74	121	131
0	7	47	54

95	107
27	37	63	69	71	79	81	94	98	108
75	88	118	130
114	126
322	334
16	29	81	94	98	105
0	13	67	79
89	101
39	51	124	145
0	6
0	7
0	13
0	11
0	12
0	13
0	15
0	13
10	17
0	8
0	12
0	11
0	11
0	10
0	10
4	17
0	10
0	8
0	9
0	7

0	7
39	51	124	145	147	153	156	163	165	178	180	191	193	205	207	220	223	238	240	253	265	272	274	282	285	297	299	310	312	323	325	335	337	347	353	366	368	378	380	388	390	399	402	409	451	458	460	473
34	46	101	107
0	10
0	17
0	9
0	15
0	10
0	9
0	13
0	13
0	11
0	9
0	9
0	9
0	6
0	14
0	8

0	9
0	8
0	9

0	13
0	9
0	7

0	8
0	11
0	20
10	20
0	12
0	9
0	14
0	12
0	9
0	25
0	12
0	7
0	11
0	14
0	13
0	13
0	11
0	8

0	17
0	10
0	8
0	6
0	9
0	10	12	25
0	11
0	7
0	11
0	10
0	14
0	11	13	28

34	46	101	107	110	120	122	139	141	150	152	167	169	179	181	190	192	205	208	221	223	234	236	245	247	256	258	267	269	275	277	291	293	301	323	332	334	343	373	386	388	397	399	406	425	433	435	446	448	468	480	490	492	504	506	515	517	531	533	545	547	556	558	583	585	597	599	606	608	619	621	635	637	650	652	665	667	678	680	688	710	727	729	739	741	749	751	757	759	768	771	781	783	796	798	809	822	829	831	842	844	854	856	870	872	883	885	900	942	955
4	17	54	71	76	86	90	103
11	24	63	71	89	102	121	133	137	145
76	95	136	142	151	185	187	198	200	215	217	226	228	234	276	289
70	81	85	107

33	41	45	69	80	90

0	14	77	87	107	117	138	148	163	181	204	214	216	226	228	237	239	250	255	263
0	25	30	41	125	151	154	165

0	18	25	35	39	53	71	89	100	111	113	126	128	141	143	155	159	172	203	208
47	58	79	94
71	81
65	70
0	12	47	59
112	119	193	206	208	214	216	227	229	235	237	245	247	257
0	23	77	85
52	64
48	60
41	64
70	78	82	92
8	16
5	17	74	86	111	127	132	148
48	55
45	53
0	9
0	9
8	17
29	38
0	9	45	56	60	70
18	27	96	104
0	9	126	135	140	146
0	15	50	59	119	129	132	142
48	57
0	14	16	28	30	39	71	83	120	129	153	165	224	236
7	19	80	89	111	123	166	175
14	26	60	69	114	126
0	9	83	100	160	177
5	22	71	88	148	157	178	195	238	247
0	7	28	37	124	131
26	35	52	55	58	69	109	120	280	289
19	26	162	171
0	10	12	21	85	95	167	177	248	257
4	17	19	28	83	95	113	128	137	149	168	183	210	222
27	40	63	72
23	32	59	72
0	8	10	19	37	45	128	136	182	191
52	60	68	82	104	113	115	123	177	186
45	53	55	64	112	120	177	186
0	9	27	35	67	75	108	117

8	16
42	51
0	9
28	37	114	123
40	49	82	93	95	106	108	117	119	132	134	147	149	157	159	168
37	45	93	102
0	9
28	37	85	92	94	106	108	116	158	167	202	211
0	11	36	45
0	11	36	45	96	107	140	149	207	216
27	36
0	7	32	41	92	99	130	139
18	27	121	130

0	8	67	76	152	160	213	222	260	268
125	133
0	9	45	54	127	136	225	234	238	247
0	28	64	73
0	28	78	87
0	26	34	43	45	53	57	65	85	94
0	14	16	24	27	34	42	62	66	84	103	112
0	13	68	96	103	136	138	143	149	155	217	225
12	26	142	148
4	13	62	68
19	25
24	38	40	52	54	65	68	75	79	87	123	140
66	94	102	105	108	124	148	160	199	210
96	108	113	141
0	6	19	32	98	123	125	148	203	220

51	65	72	84	86	97	118	124
55	61	126	132	168	179
53	59	75	81	117	128
123	134
0	33	35	47	52	58
0	12	48	60
56	68
122	134
14	41
0	6	13	19	51	57	105	114	118	124
10	19	51	57	140	149
0	6	8	20	105	114	143	149	199	208	232	244	323	332
4	22	67	76	80	87
27	36	40	47
0	17	46	55	60	77
34	43	48	65	67	79	89	102
47	56	60	66	69	80
48	59	84	90	120	139	143	149

31	42	85	106
30	36	37	48
0	11
31	42
36	47
26	38	62	73
22	33	47	55	57	66	70	79	91	102
0	11	31	42	85	96	114	125
18	29
31	42	47	58	66	77
30	41
17	28
59	70
0	8	46	57	62	70	134	145	192	210
0	11	87	95	100	111
41	50	53	62
59	70
0	12	32	44	81	92	159	170	194	213
4	16	26	37	46	57

4	16	54	65
31	40	42	50	54	60	91	102
12	18	37	48
37	48	92	107	117	124	135	144	146	153	166	181
13	24	28	46
0	6	46	57	76	82	111	117
64	70	82	88
64	71
20	27	103	117	120	131	172	180	183	195
41	46	78	89	121	132
53	64	69	74	102	107
0	15	17	23	47	56	58	71	76	89
0	6	33	39
0	14	45	51
0	20	22	35	37	51	64	71	103	109
0	27	35	41	91	119
28	34	69	78
0	12	23	29
0	8	15	23	46	52
0	10	23	30
0	7	22	28	61	68
0	11	13	24	26	35	46	57
32	40	78	95
19	26
0	21	62	69
0	11	76	84
34	44	101	109
11	19	22	33	59	70	105	113
56	67	103	114
30	37	41	47
91	97	101	112
11	22
46	56
21	29	31	39	141	149	158	170	190	198
17	27	70	89
41	51
18	26	85	94	96	105	110	118
26	35	38	47	57	67	131	141
112	122
54	62
93	104	106	126	128	133	135	147	150	161	163	178
0	6	12	23	27	34	86	97

0	9	18	29	64	73	96	100
0	9	33	44	74	83	87	98
36	47	51	60
0	9	11	22	94	103
0	6	27	38	42	48	86	92
14	20
0	11	56	67	115	126	130	141
4	17	37	48	58	70	92	104	108	123
51	63	79	90
0	7	9	20	112	119
17	42
28	39
12	37

28	52	157	168	170	183	188	197








0	9
46	51
33	42	111	119	148	156	180	189
0	7	27	34	38	43	110	119
14	21	73	78
0	8	17	25	50	57	107	114
40	45	49	57
46	51
52	59	68	76
0	9
0	8
7	17	32	46	50	59
0	6
0	8
0	11
52	59	68	76	78	87	89	97	106	116	131	145	149	158	160	166	168	176	183	194	199	207
7	21
24	38	136	143
0	7	60	74
4	11	15	25	165	172	191	201	226	233
123	130	134	144
5	16	36	54
0	8	68	81	92	99	103	113
0	8	36	48	50	54	56	64

97	105
0	3

49	54
0	12	44	57
16	29	34	40	42	65	67	78	87	117
4	23	51	76
28	37	39	50	52	60	65	81	96	111
0	28	48	63
45	59	83	91
0	7	37	51	58	63
7	17	57	68	82	92
17	28	32	42	82	93
87	100
7	43	53	89	123	134

19	28	60	71
19	28	60	71	106	117
25	36	86	95	133	144
0	11	65	72
96	107	111	118
15	24	28	35
39	50
27	38	78	89	91	103	105	114	116	125	127	135	137	147	149	157	159	167	169	177	179	188	190	201	223	231	233	244	246	261	264	273
21	29	32	42	82	93
47	58
74	85

36	52
57	68	140	146	155	161
0	9	12	28
0	11	13	24	28	36

57	60
0	9	50	57	59	71	73	82	84	93	97	106
58	65
40	47	68	75
12	18	67	74
85	92











75	82
35	43	68	75
44	50	85	95	141	150
31	38	89	100	102	116	127	138	141	160
35	42

20	27	62	73	77	96	142	153	171	185
32	39	70	81	95	114
63	70	112	123	125	139	141	152	154	173	178	190
14	21
8	15
0	8	10	23	25	41	43	51	53	61
0	8	20	28	176	183
38	45	84	91	149	156

0	8	23	48	90	106
0	25	27	40	42	50	52	62	76	84

4	17	40	47	51	63	157	170
0	6	22	28	48	54	98	110	128	134
72	78
3	10	31	37
65	72	105	123	125	138	140	149	151	157	159	169	171	178	180	187	191	200
0	7	36	65	67	96	98	106	108	114	119	129
0	9	20	32	67	89
28	41	43	52	61	77	91	98
0	10	26	38	45	51	54	68	75	87	95	105	112	121	125	133	136	156	158	161	209	221	224	235	242	250	253	264	282	298
99	109

34	54	106	131
0	5	43	55
0	11	45	61
0	11	34	57
66	77
0	16	64	75
0	11	27	33	35	46	49	65	113	119	121	134	136	141	146	150	153	161
0	17	24	37	40	50
0	23
0	7	28	35	60	67
10	22	83	90
0	18	39	46	50	68

0	6	47	67	169	175
55	75	79	85
66	72
4	16	18	25	134	140	147	164
96	116
72	92	103	123	130	138	142	153	155	171	175	199
0	15	19	43	101	121
0	16	76	96

43	49	87	96	98	107	109	122	127	145
27	33	45	57	58	65	117	124
34	42	80	92
20	55
56	68	72	80	97	108	178	186
32	49	76	104
101	129	140	156
36	52	58	82	89	98	214	222	225	233
58	70	88	98	133	145
193	205
46	56
57	81

34	54
46	55	57	60	62	71	96	102
0	9	88	94
19	22	45	54	123	129
39	45
76	79	115	124	128	134
45	54
0	9
27	36	57	68	70	81	83	94	96	106	202	211
12	19	21	29	31	43	106	115
27	35	47	57	112	121	185	195
23	32	75	86
27	37	42	50
4	10	13	25	121	127	131	143	165	195
26	38	87	93	96	102
12	25	29	35	51	57	60	72
69	75
181	198	220	230
129	139
5	11	14	26	49	68	74	88	177	183	186	198
1	26	29	42	102	108	111	123
23	29	41	61	70	77
21	27	63	84	144	156

27	41	89	96	186	203	210	219	224	237	246	259	261	284	293	307	317	325	335	348
0	5	34	52
52	60	63	74	147	152
40	48	95	100	150	158
0	5	30	50	91	108	127	142	144	152	157	171	173	181	194	213	221	232
15	22	55	60	105	110

105	121	123	129	134	143
18	23	66	73
38	50
46	56
5	17
18	24	37	46	91	97
10	19	69	75
0	7
64	71	76	82	84	91	93	105
42	49	74	80
0	7
44	51
27	34	116	126


7	16	18	26	28	39	41	48	50	58	63	70
51	57
50	59
36	42
92	104
14	31	41	47	136	157

0	7
62	69
0	7
90	97
0	7
13	20
0	21	74	87	142	149	160	180	181	191	218	230	234	249

10	31	110	117
99	106
55	67	136	143
12	19	78	90
30	37	41	53
19	26	61	73
0	9	30	39	43	50
19	28	32	39	89	96
26	35	39	46
0	8	109	117
40	47	51	59	92	109
19	26	61	69
25	32
0	7	61	78

0	11	32	39	54	65	124	131
18	25	59	66
0	10	19	25	46	53	88	98
25	32
0	7	57	63	108	117	121	132
23	28
30	36	78	85	112	117
0	7	28	35	93	102	124	133
49	56	60	67	153	160	223	230	302	309
0	6	8	17	21	28	30	37	85	91	95	104	109	116	155	162
19	23	27	41	101	120	170	174
33	51
71	84	142	155
19	25	29	43	103	122	172	176
33	51
103	116
0	8	75	91
19	32	39	46	49	62	76	92
4	17
70	78	82	98
62	70	122	135	137	143	145	156	158	164	166	174	178	188
0	13
36	48	73	90	97	113
0	23	77	85	139	147
48	56
41	64
0	4	6	17	50	75
72	83
33	59	117	126
81	85	87	98
14	34	99	105	135	155
0	20	36	54	56	69
54	74	76	89	91	101	103	116	118	125
16	36	46	59
0	17	33	39	47	60	124	137	140	155	283	296	302	332	351	364	430	443
23	29	37	50	114	127	130	145	273	286	292	322	341	354	420	433
31	42	163	172
48	59	61	73	75	83	85	93	95	104	106	117	150	159
127	136
124	133
107	116	133	157
75	84

1	7	9	15	45	53	61	70	123	129
1	10	28	37	90	99
24	33	36	45	165	174
5	14	54	63
1	12	14	25	85	94	118	127
21	30
1	17	19	28	60	80
1	7	54	60
1	14	51	60	77	84
24	42	53	63	66	79	99	124	127	150


26	41	47	69
0	13	17	30	67	77
0	12	28	43
56	68	109	124
0	11	14	33	39	50	56	76	82	90	92	100	104	113	136	142	145	152
54	66	70	84
119	131	135	149
19	31	67	73
0	6	10	17	59	73
79	93	117	124	127	133
49	58	162	171
7	15
26	34	59	74
54	63	106	117	121	136
3	21	34	42
39	48	72	80
83	92	115	123	127	142
87	105	109	129
66	74	81	93	95	107	109	117
23	31
43	51

68	82	94	103	106	118	120	134	139	152
8	16	49	57	61	76
102	110	160	170	201	211
52	60
16	24
29	37	98	112	119	131	133	142	144	154	156	165	167	176	178	187	190	203	210	220	222	232	234	245	248	260	267	276	282	302	309	319	321	330
2	10
0	12	63	71	87	98	99	108
0	7	11	20	103	111	134	141	144	153
16	25	58	65	68	77
57	66	82	95	102	116	118	129	139	146

0	7
0	6	99	105	140	146	166	175
16	22	42	51
19	40	67	79	126	137	151	167	206	217
49	70	72	78	83	94

54	65	69	79	104	114

8	16	53	61	63	73	78	85
59	67	109	116
37	45	47	59	61	67	72	90
8	16	52	58

0	11	21	28
0	10	18	33	34	44	46	51	56	66	68	73	94	101
0	8	32	39
26	33	66	74	90	97	174	182
7	14	73	85	118	125	144	151	188	200
78	91	93	104	108	120	122	134	136	147	187	222	247	258	301	316	318	329	354	365	426	439	450	458	460	471	510	523
15	24	40	70
0	9	11	23	27	34	63	79	82	88	97	107	109	121	128	143	145	162	171	184
31	43
32	37	39	51
15	25	30	60	67	73	75	86	88	100	105	118	140	169
43	53	195	201
52	62	77	84	152	162
63	73	151	158	198	208

7	14	47	57	77	87
38	48	79	86
43	50	98	108
16	23	27	33	35	45

32	42	57	64	103	112
30	37	42	52	102	111
26	36	106	117
13	20	74	93	95	107
40	47	104	123
37	47	64	76
0	7	68	81	83	96	98	110	114	127
75	82
10	17
34	41
29	36	106	113	131	140	144	155	166	173	234	241	259	271	275	283
0	7	36	45

22	29	33	44

15	31	33	41	43	51	53	62	67	75	78	91	93	106	152	169
44	51
0	8	10	22	45	53	56	68	104	111	149	158
17	26	69	77
0	8	10	18
54	62	67	74

0	8	10	17	81	89
0	11	13	24	69	76
114	125
38	49	54	61
0	14	64	80	115	129
29	36
0	7	38	54
0	6	49	55
0	8	10	18	46	53	123	130
15	31	33	41	43	51	53	62	67	75	78	91	93	106	152	169
44	51
0	8	10	22	45	53	56	68	104	111	149	158
17	26	69	77
0	8	10	18	64	70
54	62	67	74

0	8	10	17	81	89
0	11	13	24	69	76
114	125
38	49	54	61
0	14	64	80	115	129
29	36
0	7	38	54
0	6	49	55
0	8	10	18	46	53	123	130
23	29	60	67	84	90
5	18	23	41	86	92
15	32	34	50	52	67	69	95	100	124
56	75	101	109	111	120	122	128	130	137	139	157	166	179	211	219
7	17
0	6	33	39	114	120	125	137	150	181
17	23	85	91	96	102	130	136
0	6	21	37	42	59	71	77	79	84	110	121
46	57	75	80
39	44	46	49	53	56
0	21	96	107	125	157	164	171	175	187
14	46	64	75
0	9	29	42	83	92
101	110	114	125
21	28	47	55	80	87	287	295
38	46	85	92	170	178	180	188



70	81	101	109
10	22	30	37	150	158
15	23
25	33	59	80
11	19	26	34
129	137	149	157
50	73	76	105
0	27	66	74
35	43
0	25	32	45	47	57	61	69	73	81
25	33
65	76	113	121
5	39	46	52
0	6	22	28	48	54	109	115	119	130
72	78
3	10	44	50
0	16	86	94	96	102
0	12	14	23	52	60	94	102
0	10	94	102	106	116
30	38
148	160
26	34
63	75	130	155
49	61
85	93	110	122	124	139	141	150	152	165	170	181	183	189	191	201	203	211	213	224	229	238	240	250	268	276	278	289	291	302	304	313	315	324	326	336	338	349	351	368	370	381	383	389	391	402	404	417	419	427	432	440	442	449
47	55	180	188
40	52
49	61
80	88	105	113	115	128	130	138	140	147	149	161	163	171	176	184	186	197	202	213	261	269	373	381
40	52	90	102
49	61
79	87	130	142	144	153	155	167	169	177	179	187	189	198	200	207	209	218	220	228	230	240	242	252	254	264	266	273	275	283	285	295	297	308	310	318	320	329	331	345	347	357	359	370	372	382	384	396	398	406	408	416	418	426	428	438	440	452	454	463	469	482	487	499	501	509	514	525	527	544	546	555	557	567	569	580	582	591	593	601	603	610	612	620	622	630	632	639	644	654	659	668
111	119
40	52	54	62	108	122	124	132	140	148	263	271
47	59	87	99	103	109
34	46	48	56	110	124
13	30	38	48	52	61	89	101
110	118
52	60	77	96	100	106
0	8	10	35	102	111
77	83	85	93	104	111	114	122	124	131
20	45
0	28	35	48	50	63	65	75	80	88	121	128
33	40	90	98	102	111
28	34	38	45	48	56	58	65
0	3	38	46	50	57

8	21	53	60	89	102
0	5	8	13	42	52	59	64	97	107
20	26	30	38	66	82

0	16	45	60	118	128
22	35
46	58
0	13	36	59	61	72	74	80	90	103
0	12	59	72
0	20	58	66	68	84	86	95	99	110
9	24	41	53	57	78
55	65
0	7	36	49
23	36
0	7	57	84
46	57	125	133

18	28	44	53	89	97	99	108	110	119	124	134	225	234

48	77	120	128	132	157
0	8	37	45	50	79
28	57	61	69	90	104
0	8
0	11	40	51	99	108
30	41	73	84
33	44
82	93	143	152	176	187
0	6	8	14	55	61	65	74
4	10	14	18
31	37	91	95
41	48	78	87
0	9
0	21	112	116	138	146
11	40	44	48	77	98	104	112	115	123
0	6	13	25	27	56	98	104	112	124
26	32	39	51
22	39
18	28
0	10
63	70	86	97	99	111	113	125	127	136	140	149
0	7	42	53	55	67
0	7	32	41	156	165	225	232	287	296
54	63	97	106
21	32	81	91
0	7	39	50
47	54	58	69
30	37	79	89
10	17	37	44
127	135	137	146	148	156	158	170	174	186	192	199	243	253
49	59
4	11	63	71	73	82	84	92	94	106	110	122	147	154
94	117
158	181
0	9	44	57	115	127


47	60
0	7	9	16	20	28	75	82	99	106

30	37	59	65	105	112
2	9	27	33	42	48	91	97
0	9	22	40	42	51	79	86	144	151
0	14	36	39	67	74	91	104	130	133	145	152	184	187
2	16	34	40	49	55
44	47	58	61	91	98
25	28	67	70	100	107
10	16	55	58
64	71
64	71	97	100
96	108	130	146
19	26

0	13
4	17	33	49	84	99	133	146
64	80	105	112
0	21	80	89	140	156
64	80	105	125
0	9	22	40	61	70	75	91	133	142
31	44

174	190
52	66	90	97	160	184
70	83	94	102	109	118
50	57

0	12	22	34	86	91
55	67
0	7	11	24	100	107
96	108	129	145
19	24

70	93

74	87	91	115
31	44	55	70
42	48
2	8	14	27
51	57

11	24	46	54
74	87	91	115
37	47	69	77
35	43
20	28



65	89	93	116
27	36	53	61
43	51	101	107
65	78	83	107	116	124	131	140
70	84	178	203
44	54
0	14	45	66	77	87

50	60

0	11	65	74
20	29	86	97
21	32
11	20	44	55
0	7	10	31	84	93
37	46
19	25	52	61
15	24	49	58	71	80

87	96
71	84

68	77	142	151
43	49	121	134	138	152

173	182
0	9
43	51
0	8
19	27
26	34
30	38

19	27	80	90	94	100
14	47	49	54	95	104	108	120
10	18	64	72	74	85	87	98	100	108	110	120	125	132
0	12	32	37	76	117
57	64	82	95
0	9	74	79	111	120	124	132

0	6	8	15	36	42
35	41	46	53	130	137
34	41	61	67
0	10	39	49	88	96
34	42	65	75
0	7	71	81
0	6	59	65	122	128	141	148	186	192
10	16	54	61
0	11	68	79	81	88	140	151
0	7	20	28	56	63	127	134
16	24	60	67
44	51	56	63
0	8	50	59	63	71	79	87	150	158
45	54	58	66
89	98	102	110
55	63	106	115	119	127
0	9	22	30	51	60	74	83
58	63

0	21	23	43	45	50	52	64	66	77	79	94
0	6	8	34	37	48	105	111
0	9	11	22	79	88
0	13	58	71	95	112
48	65	72	85	157	174
44	57	91	108	175	186	251	268
48	65	83	96	179	196
0	6	14	20	30	36	101	118
0	11	72	78
0	7	28	35	39	50	163	170
40	47	87	104
19	26	30	41	74	91
0	11	56	67	155	166
93	110	135	177	179	190	192	214	216	224	229	262	264	269
37	46	72	86	88	97	99	110	112	123	127	138

22	33	61	70	123	132
16	27	54	63
78	89	101	112	114	128	130	141	145	156
38	47	69	80
22	33
51	59
40	46	79	88
57	63	67	76
0	9	57	81
63	72
0	9
60	69
0	9
98	107
40	51
178	191	195	210
19	25	33	63
24	42	53	63	66	79	99	124	126	149	152	165


26	41	99	121
69	80
10	23	61	75
0	7	11	16	18	25	29	34	56	66
54	64
0	9	11	20	46	56
16	25
0	9	39	49	90	99
54	64
0	10	31	41	75	85
32	42	77	87
53	69
1	7	9	20	24	32
1	17	33	39	62	77
6	26
1	14	18	27	28	33	35	48	52	61	62	67	93	109	121	128
1	15	17	20
20	33
1	23	46	57	96	109
1	7	38	46
0	13	39	45	63	69
26	32	76	89
1	35	72	106	168	171	173	189	193	209
14	27	31	66	155	162
33	41
0	15	31	45	47	53	55	66	68	80	82	88	101	115	117	129	131	142	144	153	155	162	164	173	175	183	188	195



33	46	48	60	62	85	87	100
47	62
24	39	41	53	55	68	70	79	81	91	93	104	106	113	115	123	125	134	136	146	148	155	157	174	176	184	189	197
69	85	90	103	108	127	132	146	156	178	183	195
41	56	58	74	112	124	131	141	144	155	157	169	171	182	184	192	194	204	206	216	218	224	226	233	254	260	301	314	321	335
23	34	74	108	148	158	160	171	173	187	189	198	200	208	210	235	240	267
47	55
46	54

20	28	37	45	47	61	63	76	94	102	108	121	123	131	133	145	147	162	164	190	195	203
47	55
46	54
40	51	79	92	94	105
16	25	68	74
32	41	49	66
82	91
0	14	61	67
14	20	34	40
2	16	41	47	52	57	99	113	161	167
24	38	42	49	51	56

62	76	88	102	105	115

33	47	57	76	78	101	105	126
0	13	50	70
22	64
16	24

0	6
18	35
45	58
0	13	59	70
0	13	64	77

19	25	33	63
15	22	33	41	43	51	53	62	67	75	78	91	93	106	152	169
44	51
0	8	10	22	45	53	56	68	104	111	149	158
17	26	69	77
0	8	10	18
54	62	67	74

0	8	10	17	81	89
0	11	13	24	69	76
114	125
38	49	54	61
0	14	64	71	115	129
29	36
0	7	38	45
0	6	49	55
0	8	10	18	46	53	123	130
0	13	14	18	81	94	96	103	105	121	132	142	159	170	171	181	183	195	207	215	229	237	241	250	255	263
35	43
0	13	14	18	116	129	130	134	188	196	256	269	270	274
7	20	36	49	50	54	131	148
4	17	18	22	116	134
5	18	19	23	134	147	148	152
44	58
24	34
55	69	86	93	96	108
56	66	74	85	158	172	175	186
62	72	80	91	156	170	221	231
10	21	67	77
0	9	11	20	95	107	109	117	119	156	158	175	177	188	190	204	206	215	217	226	228	239	241	250	252	261	263	291	299	310	315	324

0	9	85	94	105	111
45	51	102	116	123	132	134	143	148	155	158	170	172	180	193	203	205	214	219	254
70	76
5	10	91	96	141	152	156	167	195	204
42	51	55	66	110	119
60	69	106	114
0	5	99	108
0	6	111	137	139	147	149	159	161	170	172	187	189	196	205	228	230	238	240	251	255	267
51	72
74	86	109	115
15	23	25	33	37	48
55	61	121	132	134	141	207	218

26	37
214	220
53	64
61	70
87	93

8	15	73	80
124	133	135	145	147	158	166	189
0	12	51	60	69	81	91	103	115	127
20	27	29	36
0	11	13	20
19	30	66	75	110	117
16	23	168	179	181	192	194	205

22	33	74	83
22	33	77	88	90	98
22	33	75	86
0	9	57	64
31	38
45	53	83	91	116	123
0	7	10	19	65	74
32	41	64	67	69	81	92	95	99	103	105	114
0	9	20	28	56	69	77	84

47	73	80	112	113	120

0	7
95	103	114	148
8	19	70	79	83	94
4	13	24	36	85	92
31	38
4	13	24	36	115	126
0	8	40	52	60	71	72	80
0	30	32	62	116	128
0	11	35	46	90	102	147	158
26	37
23	34	83	95
64	72	83	95	143	151	154	161	162	169	171	180	182	186	249	255	257	260	264	267	307	319
0	8
55	67	121	128
0	34	42	48	93	102
0	9	41	53	74	82	102	110	130	139
0	9	36	44
0	8	30	38	108	120
0	9	11	20	58	70	104	116
0	11	28	37	65	77	82	93	132	143
30	41
45	56
0	7	9	18	63	75	76	83

0	8
97	105	180	188
0	10	43	56	58	69	74	87	118	126	162	170
0	15	50	73	81	99	103	113	164	172
0	13	44	57
89	97	138	150
0	14	39	48	72	80	116	124
0	10	47	57	59	70	79	90	121	129	165	173
40	51	83	91	134	142
69	77	81	92
0	20	22	31	97	105	124	132	169	178
31	40	44	53	96	104
0	17	42	50	54	62	93	101	136	144
43	51	81	89
0	8	86	100	132	140	144	155	175	181
0	23	31	43
7	32	40	50
7	30	38	47
0	9	11	18	20	31	36	45

34	42


33	38	84	98
37	42	97	111
21	35	121	126
22	27	50	64	83	88	130	144
8	13	20	34	68	82
83	92	94	104	108	117	195	200
0	9	12	20	37	48	50	55	180	185	222	227

37	46	49	57	112	117	180	185
30	38	41	50	138	143

17	24	80	85
57	77	84	89	104	114	121	135	137	149	151	160	162	171	173	182	184	194	196	203	208	227	230	238	245	251	258	268	270	281	286	294
44	85	138	146	149	161
24	32	35	47	68	73

14	33	63	71
0	29	49	55	57	71	73	86	88	101	128	136	138	147	149	161	190	204	206	214	216	224	242	254
35	43
26	34
29	39	43	52	152	161
37	46	60	70
28	38	69	79	83	93

104	114	118	128
17	41	43	53	80	93
33	46	84	97	107	118	120	132	137	143
17	30	76	93
0	30	77	90
0	9	11	34	39	43	78	86
0	8	31	44	46	53	58	69
0	10	90	116

36	46	50	61

0	6	39	48

168	178
11	21
82	87
66	71
31	37	78	85
74	80	84	94
28	41	67	75
22	34

0	8	37	45	48	58
100	108
23	33	63	71
96	102	106	115
140	149	154	160
49	56	66	76	145	152	168	177
26	35	40	47
20	36
15	23
27	35
0	8	28	40
59	67	86	100	103	122
7	30	79	90	92	100	153	155	195	218
24	26	87	97
35	58	120	134	166	175	177	186	259	270	272	280	318	320
16	18	61	73


59	82	84	87
134	136

37	39
80	88
0	9	55	69	71	84	92	112	113	123	127	136
11	46	48	52	60	69	71	80	82	91	96	106
0	10	67	69
16	19	21	23	119	122
55	58	71	75
63	65	103	112
27	54	69	77	172	199
78	105
22	24	57	84	94	102
7	15	63	71	131	138	140	146
65	73
8	17	52	61	103	111	113	125	129	141
11	20
41	50	80	89	145	154
21	30	86	98	102	121	182	191	215	224	281	293
0	9	44	53
30	38	40	52	56	68	76	85	138	147
95	104	156	171	214	223
56	74	100	106	108	116	118	129	131	153	155	171	176	189	191	202	206	246	248	273	280	303	315	333
25	46	59	82	95	103
0	21	58	64	66	77	85	93
0	12	30	38	102	110	149	155	157	168	176	188
0	17	54	62
0	23	60	68
12	35	38	46
0	11	56	64
105	113	179	187	189	210	215	227
83	94	102	110
20	28	85	93
8	16	75	85
0	6	8	15	17	23	25	30
2	9
29	50	79	90	98	109	142	155
55	73
15	29	48	59	61	69	71	84	86	111	119	133
2	9
72	79	147	154
15	23
50	58

10	18
27	35	101	107
38	46
120	134
50	66	73	81
62	70	74	88	96	108	130	138	167	180	191	206
0	8	45	65	96	103
19	29	108	118
36	44


94	102
0	8	10	17	22	29	41	49	120	128
109	117
0	9	11	18	23	34	60	68
24	32	36	48	113	125	163	171
42	50	78	88	91	100
57	65	84	103	107	122	140	150
0	9	47	55
73	81	113	121	134	143	145	154	159	168
99	107	149	159
8	16

59	69	71	86	91	114	119	127
66	74
68	82	84	92	94	129
16	24	119	127
29	37	93	107	109	122	124	136	141	161	168	178	180	189	193	201	233	241
37	45	49	65
17	55	58	87
144	157	159	174	179	187
0	8
0	6	29	46	55	65	67	80	82	94	96	113	122	135	146	152


0	9	23	38
11	20	36	53
0	9	37	50
10	30	46	55
0	6
0	6	62	68	70	79	81	90	92	100	102	113	118	125
0	6	48	56	58	64
58	66
36	42	47	58	60	69	73	83	133	157


5	27	32	49
31	53
10	17
37	44
64	71
15	37	63	73	113	123
69	91	95	105	177	187

29	41
20	30	51	58
38	51	133	155
15	26	28	37	39	49	51	69	74	84	137	159
72	94
51	73	116	122	124	134	136	145	147	156	158	170	172	177	180	190	192	200	203	210
37	57	103	125	145	151	155	163

13	35	112	116	175	197
0	20	60	68	83	96
12	22	24	38	42	50
65	75
0	24	29	40	71	85	87	95	97	109	113	125	226	236
0	16	46	56
19	35	39	49
0	6	26	32	67	76	123	129
12	18	37	44	100	106




33	47	58	72
17	26	30	39


122	127


58	71

148	162	166	176








0	12	58	65

35	47	49	57	61	68	94	108	133	146
11	24	28	39	65	79
19	32
0	14	55	61
24	33	64	73	86	99
0	6	46	61
11	25	32	45
52	65	91	105

0	12	58	65
31	44	48	60
0	13
0	12
27	40	141	153

17	27	29	40	44	56	67	75	79	88
0	9	10	32	41	47	98	107
0	7	47	59
0	7	30	36	38	49	59	72
0	23	59	70
0	23	64	71
0	13	54	62	65	75
91	114
45	60	119	131
88	103	114	129
0	15	114	136
28	43
27	37	42	50	52	59
0	12	59	72
0	13	40	46	55	68	75	83	85	93	95	107	109	125

17	25
28	34
16	24
4	14
31	42	98	114
0	7
15	27	31	38	54	61
49	56	58	74	78	91
34	41	69	79
69	84
45	60	64	72	75	83
46	61	65	86	94	102
16	25	39	48
54	59	111	122	124	139	141	143	145	147
40	42	46	48
35	54	56	58	93	95	97	99
97	99	101	103
36	43	45	59
35	54	69	75
8	14	25	44	51	63
0	7	36	45	81	88
0	25	27	54
100	110	145	154
33	58	62	69	154	179	199	206

32	38
14	20	91	102	104	115	117	125	127	136	138	151
24	30	147	156	158	169	173	196
19	25	35	55
0	20
49	59
20	28	66	74
16	22	52	63	65	76	78	89	91	104	106	114	116	125	127	135	137	146	148	157	159	168	170	182	205	213
32	38	70	76
20	28	104	112
34	46	48	56	58	70	72	81	83	95
2	8	61	67
44	50
17	23
0	7	54	62
28	34	39	46
2	8	101	107
0	9	11	30	76	85	88	107	112	121	125	134	152	160
19	28	31	50	55	61
8	15	43	52	55	74	94	100
49	57	75	83
66	75	77	86	88	98	100	108	110	121	123	130	132	139	141	149	151	159	161	170	174	187	189	198	200	216	268	274
55	61
12	20

53	59
0	8
33	41
5	14	49	59
0	9	98	108	111	120
0	15	36	45
17	26
38	49
62	68
0	18	31	43	46	55	57	63	65	76
57	67	74	84	89	97	99	106	108	120	122	135	137	152	157	167
26	35
47	56
41	50
24	33
30	35	39	46	58	76
8	18	39	46	54	57	59	64	85	92	104	122
20	25	60	66
11	17	20	25
30	35	39	46
7	14
16	21	26	36
14	24	37	47
0	5
46	56
0	10
0	5
9	22	24	33	35	45	47	56	68	79	81	89	105	117	119	127	129	136	148	157
26	33	38	52	64	87
10	22	87	99	142	154
34	50	53	63	104	114
15	27	36	49	63	76


34	51
7	23	63	75
105	119	147	162
11	20
4	13	15	24	108	118



60	83	85	88
134	136


37	39
80	88
0	9	55	69	71	84	128	137
11	46	48	52	60	69	85	94
16	19	21	23	119	122
55	58	71	75
103	112
16	39	133	155
83	105
22	24	46	48

91	105	108	127

55	73


2	25	49	66	73	85	88	95	97	105	201	211	215	229	236	251	254	261
45	62	87	97

26	35	39	62	125	148
39	62	100	109	162	184
73	96	101	110
118	130	188	199	218	229
67	79	127	138	188	197	252	261	274	283
58	70	74	95	165	177
15	27	31	52
0	12	13	34











28	39	95	106
122	129
57	68	86	100	102	114	130	141	143	152	157	169

0	16	18	34	66	80
0	12	55	69	133	145	147	155
60	72	76	89
0	10	12	31	77	90
0	18	36	59	63	77
11	34	82	95
0	13	39	53	57	64	103	110

0	12	21	35	93	110
41	49
0	13	15	28	54	68
0	11	36	47	51	65

119	130

0	18	30	48
0	8	10	18	52	66	155	168
0	8	23	36	38	46	87	101
107	118	120	128	130	142	144	151	178	192	221	234
29	40	42	61	68	79	138	152
0	12
63	71	73	84
0	11	13	24	72	86	121	134
11	22	45	58
0	34	36	41	60	66	75	108	113	127
0	6	46	60
14	24	58	72
0	8	86	94	105	117
10	24
0	10	33	43
0	7	19	32	81	84	87	105
0	14	72	93
23	30	61	74
0	17	33	39	47	60	124	137	140	155	283	296	302	332	351	364	430	443
31	56	58	62	70	92	111	130	137	146	148	158	160	169	171	180	182	192
7	21	63	77	111	122
50	61	90	104
49	63	93	104
103	138	140	144	180	186	188	207	212	228

0	14	47	66
59	73
8	22
31	45

0	10	12	20	22	30	32	38	59	66	71	81	83	91	93	101	106	112
44	54	56	65	67	74	76	85	90	98
36	50	54	63	65	72	74	83	88	96
72	79	101	108	125	134	136	143	145	152	155	160
0	20	70	77	217	226
0	7	45	55
103	113
0	10
27	34
28	38
0	15	17	48	50	61	63	71	73	87	89	100	136	147
0	22	24	39	41	59	114	124
47	58
0	17	19	36	51	62
54	70	97	108
26	38	44	52	106	116
71	82
0	14	16	24	26	37	61	69	72	92
0	12	17	27	30	42	59	68	123	135

0	12	14	32	55	66	72	82
22	33


0	13	15	26	59	72
0	16	18	29	66	82
0	13	15	28	111	122	143	153
0	11	13	24	55	66
0	10	12	22	105	116
0	15	40	51	68	83
0	9	11	22	53	62
0	10	37	48	84	99	106	116
0	13	15	26	55	68
0	12	14	25	56	68
19	31
0	8	10	21	52	60
19	27
0	11	22	33	45	55
0	16	18	29	59	75
32	43	81	94

0	11
43	53	55	63	65	80	82	90	92	98	108	123
38	50	53	58	79	86	88	101	108	117	119	128	134	153	160	171	173	182

55	61	65	91
0	6	35	44	48	54	78	87	154	160
0	13	39	48	63	93	170	175
56	61	115	120	131	140	145	152	216	228
0	6	8	19	21	32	34	43	54	59
11	20	53	59	63	74	86	97
22	31	50	59	74	78	90	96	98	109	113	124

11	17
0	6	8	17	27	33	60	66
16	25	29	35	50	56
4	16	18	27	103	120
73	79	86	103	119	128

92	101	137	143	150	167
0	8	10	19	28	33	57	65
24	49
88	99	101	104	106	116	118	132	134	145	147	157	161	169	222	231
0	12	69	81	115	124
22	31	84	96	120	130	132	143	169	176
0	15	17	26	28	36	38	54	56	66	68	78	80	91	96	111	155	164
56	65


0	9

0	11	14	37	74	83
58	77	79	88	89	108	121	129	132	145	146	164	170	183	186	200
0	12	14	31	38	47	50	57	61	68	70	90	92	115
0	15	38	55
0	19
0	20	106	112
14	20
0	19	93	106
7	14	46	66
22	41
18	22
102	110	166	170
0	10	20	29	57	67	119	123
12	22	25	34
0	7	36	43	54	62	65	72	77	81	192	198
76	87	91	102	153	157
0	10	28	32	66	76	134	143
38	48	64	68	97	107
0	18	21	25	88	100	130	142	175	182	193	201	203	209	213	220
48	60	106	118	195	199
8	20	75	87	91	100
30	42	61	70	121	133
22	41	74	81	92	100	102	108	112	119
47	51	96	104
21	39	71	81	90	98	164	168
23	33	36	44	80	84
21	30	118	122
83	90	106	119
56	63

9	21










0	15	34	40
24	34
19	32
11	24	41	61	68	79	81	92
15	28	62	75
11	24	61	72	74	81	156	173	176	190	209	223
4	17	72	81	85	92	94	106	110	122
19	28	51	59
16	25	48	61
24	37
0	10	39	48	52	62	94	104
0	18	66	75	79	97	144	162
0	9	43	61
0	9	60	69	73	82	117	126
0	9	43	52
0	7	36	43	67	76
38	45	80	87
0	12	60	69	73	85	136	148
0	12	40	49
5	17	92	101	105	117
27	36	40	52	159	168	170	182

0	11	34	43	75	86
0	33	81	92
0	11	29	61	79	90	124	135
0	5	45	56
0	33	54	63	91	102	171	182
30	41	45	54
10	21	25	34
19	28	44	49

0	6	43	52	89	98	102	108
0	7	39	48	52	59
0	7	39	48	52	59	108	115	163	170
0	7	35	44
122	131
0	9
0	27	57	65
0	6
0	8	10	18	20	29	31	41	43	54	56	67	69	78	83	96	110	116	216	224
0	11	15	28	46	65	70	81	93	99	133	139	187	195
38	44
0	12	16	28	65	71
0	7	9	14	23	35	37	44	46	59	87	100	127	133
0	7	24	30	121	127
69	75	77	89	98	104
0	6	85	91
16	22	26	41
0	14
8	30	33	54	58	64
62	68
49	55	196	202
0	15	17	24	26	50	84	109
0	10	12	22	100	107	109	133
0	10	14	21	23	47
0	11	106	113	115	139	180	190	216	226	267	276
0	7	9	16	98	102
0	19	25	36	40	53	67	84	93	100	102	126	178	188	194	207
58	67	112	122
0	4	71	83	111	115
0	9	11	21	23	32	34	43
74	78	82	89	91	115
4	17	34	47	71	78	80	104
16	32	92	109
93	114
90	102	105	113	131	136

0	8
134	142
177	185
0	11
67	88	92	104
16	37	55	65	107	117	157	167
8	18	60	68
59	69	88	98
62	70	119	128	155	163
0	9
24	33	129	137
26	34	142	151
17	25
16	37	42	48	87	93
36	42
56	62	89	95	154	175
105	115	134	155
22	32	36	57
34	42	46	57
50	61	107	118	177	185
45	56	103	111
11	22	25	33
27	35	40	52	99	111

17	25	43	51	55	63
24	32	36	44	97	105
37	45	127	135	139	147
38	46	61	70	104	113	127	136
10	20	48	56
0	8	51	60	63	73
18	25	30	38	49	57
18	26	31	38
0	13	25	30	41	51
0	7	15	23	42	50

0	8	37	49
23	36
0	27	50	56	65	78	80	88	90	98	100	112
0	12	67	80
96	105
0	15	143	152
0	10	28	37	52	57	68	78
28	39	41	53	58	64
0	15	19	33	49	61	84	109
10	22
23	29	37	50	114	127	130	145	273	286	292	322	341	354	420	433
61	70	72	83

0	8	10	21	88	96
12	20
0	23	25	36	79	102
0	10	67	79	107	117
26	36	77	87	105	117

21	31	123	133	147	157	162	174
10	20
18	28	44	54	75	85	90	102
44	54
34	44	60	70	75	87
60	72	76	86
34	45	49	59	76	88
79	89	112	131
15	24	62	72
0	11	50	62	101	112	207	218
33	45	72	83	123	134	155	166
8	19	148	159	222	233
0	7	10	30	36	48	83	90	93	114	131	143
48	59
62	74
62	74
0	8	10	21	61	69	114	122
0	6	35	46	50	56	90	96
0	13	70	81	89	102
56	67
0	9	26	37	41	50	53	69
73	84	114	125	127	138	140	152	154	163	165	176	178	186	188	200	202	210	212	221	226	235
2	10	63	69	72	80	101	112
12	23
5	23	28	36	38	49	51	59	61	71	113	119

66	72	100	110	113	120
27	33	37	45	79	90	123	131
0	6	27	33
14	34	38	49	103	114
14	34
38	46	50	70	83	94	151	159
0	9
0	9	57	65
57	65	99	108	121	129	147	155
24	33
13	21
9	17
39	52	76	85	92	101
14	22	27	36
3	12
30	39	43	49	123	132	145	152
0	9

25	34	83	96

49	58	62	74
60	69	121	141	143	152	154	167	169	177	179	196	198	216	218	225	227	234	236	242	244	252	254	270	272	280	285	297
67	74
42	50	166	177	179	189	191	202	204	215	220	233
67	74

21	30	48	57
0	9	65	71	113	122
0	9	60	69
47	56
18	24	28	37	63	72	74	83	87	94	96	103	107	124	149	158	214	220
0	8	26	34
19	25	30	38	60	69	117	126
102	110	115	124
0	11	29	40
0	11	79	85	127	136
0	11	36	51	69	80	105	120
0	18	20	23	49	59	77	80	105	115
0	3	12	15	17	27	60	66	103	110
19	22	29	38


68	77
46	52	56	64	149	157
22	48	115	121
25	34
56	62
57	67	69	77	81	89	141	150
0	9
51	60
31	50	52	72	74	91	93	119	121	130	132	143	145	153	171	180	182	192	194	200	202	212	250	256	285	294
0	9
31	37	78	84	119	125
41	47	52	61
50	56	116	122

48	54
31	40	42	50	52	60	62	71	73	82	134	142	146	164	167	173	175	182	186	203	209	220	254	260
50	56	109	116	141	151	169	177	179	190	198	211
181	190
35	47	53	66	68	89	91	102	104	120	211	218	220	233	235	247	249	273	275	291

19	28	59	75
64	73	77	91	157	171
13	27	44	53	75	84	171	178
0	9

16	25	27	36	38	46	48	60	62	70	72	80	82	92	155	169
11	25	49	66	112	119
0	9
0	17	57	78	80	88	90	103	105	115	117	132
66	72
7	14	107	114
30	42	90	100	128	138
34	44	48	61
0	23
16	23	40	68	76	86	90	99
48	58	74	103
0	7	70	75	78	106
0	13	21	31	36	49	64	71
0	11	14	46	156	169	177	184
102	115
58	68	88	99	102	134
58	65	127	137
19	29	61	70	79	91
16	24	44	54
36	46	62	70	85	98
31	39	154	164	166	180	200	207	222	236	241	250

81	91	134	160	248	257
82	92
21	35	100	106
8	14	21	35	69	83
40	46	70	96
0	9	11	19	24	32	50	56

84	90	105	115	122	136	138	150	152	161	163	172	174	183	185	195	197	204	209	228	231	239	246	252	259	269	271	282	287	295
15	56	101	107	171	179	182	194
16	23	49	63	66	96
25	39	41	48	87	105
127	134
17	25
36	52	82	88	90	97	99	107	110	121
69	77
0	16	99	115	117	134	140	173
80	88	119	128	179	187	274	282
39	47
17	33

0	16
0	8	10	26	33	45	47	53	55	61	65	71	85	93	95	106

0	10	17	28	30	41	45	60	62	72

0	13	20	35

26	33	35	53	55	65

0	14

28	35

0	12

0	8	12	24	31	38




60	83	85	88


37	39
80	88
0	9	55	69	71	84	92	112	113	123	127	136
11	46	48	52	60	69	71	82	84	93	95	104	109	118
16	19	21	23	119	122
55	58	71	75
103	112
16	39	133	155
83	105
22	24	46	48
0	6
36	44	46	81	83	87	125	131

44	50
0	12	104	116
10	22	99	106
58	69
0	9	11	20	120	143
134	156	161	170
31	53	115	124
49	72	92	101	127	136	190	212
0	6	33	39	108	115
44	50
0	9	87	96	130	136
51	55
65	69
0	4	72	85
7	19	84	96	139	151
63	72	100	112	130	139
12	24	37	44	55	62	64	70	74	82	87	90
12	23	36	55
0	11	13	25	30	38	61	71
18	29	33	41	43	56
15	26	40	53

28	37	65	74	94	111
0	13	63	69	72	79
0	9	32	42
0	8
11	23
26	40	44	52	85	99
40	48	85	91
5	22	28	39	41	53	55	61	72	82	121	128
43	50
28	35	51	68
26	31
49	54	83	88
78	84	86	106	148	173
35	41	102	107
37	42	65	70

0	5
30	39	77	86
35	44	49	59	156	165
4	23
44	53	81	90	152	161
0	9	45	54	131	140
66	75	77	85
12	21	110	119
25	34
4	13	82	92	119	129
29	38	147	161	163	186	188	191	200	212	214	226	231	240	243	256	260	280	287	297	299	308
6	8	58	60	82	84	106	115
108	119	121	130	134	145
62	71
0	9	75	81	87	96	100	106	184	193	251	257
5	14	43	52
23	29
42	51
57	66
28	37
23	32
62	71
27	36	41	48	53	61	73	80	90	99	104	113	156	165
48	67	75	84
16	38	45	56	59	67	77	106

26	35	39	48	125	134
0	16	33	56	63	77	80	94	98	117
97	113
46	52

0	7	33	54	66	87	113	123	150	153
96	118

51	57
0	6	31	52
0	8	10	13	17	39	69	75
127	133
0	8
97	103	105	113
34	42	94	102
18	26

34	46	48	55	57	65	106	114
20	26
46	52

41	47
0	13	15	29	46	58	59	68
0	9	10	18	20	28	29	37	54	65



22	28	75	84	96	104	113	119
24	30	34	43



0	13
31	37

53	59	63	76
18	24	51	64
14	27	35	46
5	24	32	43	80	86

0	8
16	24	52	58
13	21	77	85	101	107
4	12	61	67	88	96	174	182
0	8	10	18
0	8
15	23	25	33	124	130
0	8
104	112	123	128
0	8
53	61
0	15
0	15
31	37	39	47

32	40	49	62	157	170
0	8
19	27
19	27	47	55
0	8
29	37
0	8

41	47	71	79
0	8
0	9
21	37	55	61
0	9
11	20

0	13	15	22
63	69
0	14	16	24	25	37	38	50
23	36	43	51
20	33
0	10	12	23	24	35
26	32	41	49	53	71
0	6	54	65	69	80
0	25	27	36	38	46

53	62
0	43
35	40

45	53	89	95


88	94	96	104	130	164	166	177	179	188	190	199	201	211	213	222	224	232	234	243	245	254	259	268
54	60	64	68	78	87	91	100
59	63	100	108
35	41	73	81	83	91	93	103	108	134

48	56	206	214	217	227
38	46	49	59	98	105	163	171	174	184
28	35
53	61	65	73	89	110	138	146
0	35	101	134	158	166

29	40	43	50	97	103
69	75
26	31	70	82
57	62	80	92
26	34	38	46	78	106	108	117	119	126	128	149	151	161	163	170	174	180
0	8	39	47
31	39	43	51	84	105
0	25	32	45	47	57	61	69	72	80	95	103

81	89
0	6	8	14	57	63	125	137
24	30	60	68	100	106
48	56

122	130	139	147	150	161
67	77
0	19	48	72	128	138	162	185
0	6	8	27	51	58	79	86	111	118
32	39	43	62
0	7	9	16	92	106
22	29	88	95	128	135	200	207
12	19	47	54	58	65
0	7	61	68	87	94
0	11	34	45	82	93	115	128
0	6	8	15	29	35
30	36	54	61	65	71	127	133	149	155
0	35	77	84	105	137	138	145

0	7
0	9	13	20	22	31
26	35	40	47	58	64	66	74	78	85
4	13
36	39
6	18	29	32	114	122
0	7	18	34	38	55	81	88
24	31	68	77
58	65
0	11	13	20	96	110
0	7	37	48	91	102
0	11	60	71	75	82
0	7	9	18	29	36	60	69	99	106
0	7	100	107	111	118
82	89	109	116
98	104
36	49	51	68	78	96	111	116	127	147	150	161	165	178

41	50


15	24
51	60	92	99	101	113	115	128	133	140
67	74
13	22	41	48	50	75
28	41	42	51	92	101	124	131	133	158
60	69	87	96	100	107	109	134
6	15	179	188
12	21	23	36	45	55	61	72	86	95	99	113
20	42	43	52	84	93	115	122	124	150
5	13	66	74	179	187
18	26	31	40	42	58	62	88
30	38	184	192

0	10
3	14	53	83
0	10	56	75	83	95


16	26	46	57	60	99	106	114
60	86
0	10	57	65	67	76	118	137
0	13	61	71
0	10	51	62
0	6
16	22	85	106
64	73
18	27

30	39
19	28
16	22
0	9
62	71
0	9	27	36
0	9	53	59
65	71
19	28
63	68	78	89	165	174	202	211
0	5
16	25	57	68	78	86	95	104	115	125	161	170
0	12	16	47	134	139	160	172	175	206	208	211	213	215
80	83	85	87
0	12	16	47	120	125	137	149	153	184
39	44	65	76	77	85	158	166
0	6	31	40	45	51
5	11	47	52	84	90
0	33	35	40	66	75	82	86
24	57	62	67
14	19	23	28
25	31
47	52	71	79	81	102	111	122
9	26	29	42	86	91
36	41	74	87
17	22	34	40	42	50	52	65	71	82	99	104	177	186	189	195	213	218	262	271	281	287
11	20
18	24	44	50	93	98	148	154
0	9	59	65	90	97	101	109

7	16	126	137	141	151	225	234
0	9	27	36
0	9	79	94	96	114
0	9	84	105	124	133
0	9	95	106
0	9	39	57	68	87
16	32	92	105

12	18	37	57	86	95
19	25	34	53
40	51	61	69
44	50	55	66	120	129	131	144	146	154	156	167	169	178	180	189	191	199	201	210	212	224	226	239	241	243	249	260
33	42	52	60

39	45
5	11	80	89
46	54	56	66	68	76	78	90	92	104
73	79

29	35
64	72
10	18
255	262
14	21	29	61
4	12	34	43	67	76	139	147
12	20	36	45

58	67	90	98
26	34	83	89	92	102	110	118
48	56

13	22
0	11	51	62	99	110	129	140
8	19	47	58	75	86	139	150
27	38	42	48	82	88
55	66	74	87
50	61
15	26	30	39	42	58
0	11	51	59	63	71	119	133
8	19
36	47	52	64	66	77	79	88	90	101	103	111	113	122	124	132	134	145	147	156	158	170	172	180	182	192	197	206
117	128
0	11	73	86	87	97	101	110

70	80	84	95
55	66	87	95	252	260	263	274

28	37	41	52

36	47
0	6	16	22	68	74	103	125	135	141	158	164
0	25	27	31
33	38	40	46	48	55

99	115	231	235	238	244
68	74
0	9	58	67	102	111	142	151

0	6	55	64	90	99	103	109	179	188	191	197
0	6	33	42	65	71	137	146	149	155
19	25	79	85
7	13	48	59	89	95	99	105
0	7	11	16	50	57	87	96	196	203
7	16	46	53

0	10	129	163	165	168	173	183
26	36	42	45	52	61	63	73	75	84	86	95	97	106	108	119
0	11	44	53	94	105	158	169
11	22	46	55
0	7	40	49	92	99

0	12	45	54	77	89	166	178
14	23	86	98	118	130	158	169
0	8	41	50	101	109	182	191	194	202
0	11	44	53	63	74	106	117	192	201
0	8	47	55	115	126	172	180	183	194
111	122
26	37	47	55	135	146
7	18	106	117
82	93
37	46	158	167	204	215	289	300
75	86	111	122	149	171	172	182	273	283

54	65
0	9	35	41	122	143	144	153
9	18
18	24	28	37
79	90
36	45	46	55	62	73	100	109	111	116
34	42	80	97
31	39	41	50
26	34	38	45	83	91	95	102	115	122
0	8	57	64
4	10	14	22	109	115
0	6	19	27
15	22	26	34	91	98	121	129	186	193

11	19	35	49
33	47	63	71
86	94	160	166	168	175	177	191	194	201
11	22
46	56
47	55	59	67

13	21	136	143	145	155	160	173
0	11
36	47

35	46	98	106	108	115	117	125	127	140	143	153
93	100	104	115

19	38	42	49
0	11	55	66
18	29	37	44	99	106
23	30
36	43
0	11
10	21	117	128	130	133	142	148
22	35	37	44	46	54	58	66	112	123
27	40	45	52
2	7
14	28	47	61	63	76	78	84	86	97	99	124	126	134	136	149	151	173
33	47
24	32
60	68	130	142	144	152	154	161	166	177	204	212
0	8	93	101	133	151	175	197
13	21	56	67	71	82
60	68
71	85	122	131	133	143	145	154	156	164	166	175	184	203
19	28	80	89	120	128
21	29	76	85
0	8	136	144
34	42












58	71

148	162	166	176








21	27	69	73
15	21	91	101	105	111	138	144
0	9	42	52	59	68
0	8	41	51	58	66
0	9	29	39	46	55


23	34	82	92
8	18	59	70

35	46	48	61	63	72	74	87	89	97	99	108
22	31	40	48	90	99
33	43
31	41
26	36
16	26
32	38	52	62	99	105
0	7	9	19	81	84	87	98	196	203
54	59
46	51	77	88
74	79	83	90	171	176
43	48	52	59
55	67	76	81	181	186	191	203

0	6	36	44	96	102
16	22
0	6	56	69	77	100

24	37	62	69
20	32
35	68	130	133	135	151	155	171
14	20	24	59	148	155
38	47	63	79	90	96	187	196	268	277	297	311
48	57	62	78	89	96	122	131
0	8	12	19
23	29	31	42	47	51	95	107
46	81	162	168	278	287
52	59	75	88
56	63










0	7	59	67
0	7	45	64
44	54	73	83
9	15
0	12	28	34	42	55
21	30	38	57	60	64
0	12	28	41	68	81
5	12	14	25	66	83	147	158	169	177	192	203	244	255
0	7
38	45	76	84	86	96
29	50	52	60	68	88
11	19	39	46	107	128
14	35	105	113
63	70	77	98
42	49	69	90
0	12	35	44	46	57	59	70	75	83
24	35	37	43	48	50	82	92
18	30	40	48	50	62	67	81
0	15

0	12	46	63
11	32	72	84
0	8	58	66
16	43
0	16	44	53
6	36
0	10	12	21	23	34	153	163	188	204
6	36
0	13	26	47	81	99
11	32
0	14	16	28	30	38	40	52	54	62	64	73	99	114	125	134
6	36
0	11	20	31	33	40	95	112

0	11	13	24	43	55	59	74
0	14	27	48	78	92	94	103	105	120	122	129	163	171	173	180	182	190
0	12	25	46	72	84
0	11	24	45	71	82
7	18
59	74
22	38	40	52	54	62	64	73	75	87	89	97	102	111
0	11	13	24	49	81

49	60
0	7	20	41	67	74
0	43	45	50	53	62	88	120
6	36
9	19
17	25
0	11	13	28	54	65
0	17	19	28	30	38	40	49	54	62	100	132
6	36
0	8	45	77
9	18
0	7	9	16	41	56	64	73	75	87
6	36
0	12	25	46	72	84
0	9	11	43	78	87
0	11	13	28	54	65
0	23	25	37	39	48	50	62	91	123	149	162

0	6	52	59	75	107	131	138
24	39	82	93

59	91


86	95	106	113

93	100
0	13	32	37	76	89
57	62	80	93
0	7	39	46	91	96
8	15
0	6	12	17	36	42	97	104

19	24	53	58	62	68
33	38	49	54	165	176	178	184	186	197
28	39
38	43	55	59
0	8	77	86	89	107
75	80	112	121	125	133

28	33
0	8	10	17	77	85
0	6	8	13	45	51	78	84
14	20
76	80
9	14	18	24	96	102
0	13	15	28	74	81
43	50	89	102
0	8	10	17	77	85
0	7	21	28	32	37
79	86	90	95	97	104	156	163	204	211
59	66	87	94	111	116
27	34	38	43
126	133	170	177
56	61	160	167
123	128


0	5
81	88

48	56

0	9	27	35
0	8
0	9	10	18
0	15
0	12	13	21
0	8
0	11	51	63	65	71	74	84	91	100	104	115	117	131	133	140	142	154	156	163	165	173	175	181	183	190	193	203	205	212	214	220	222	229	232	243	245	251	254	263	265	273	276	287	289	294	296	305	328	345	347	355	357	364	366	374	376	383	385	391	393	398	400	407	410	417	419	428	430	435	437	444	447	460	462	473	475	481	484	490	492	499	515	523	525	536	538	545	551	558
41	49	107	129
9	20	80	88	112	120	167	175	186	194
0	9	64	75	126	135

36	45	47	55	57	69	71	83	134	143


17	26	133	143
15	32	35	45


11	20
27	34	36	47	49	57	59	66	68	78	82	91
0	15

25	42	57	64	67	84	86	89	135	138
63	65	66	68	69	76

0	8
0	12	14	16

40	52

17	24	32	49	50	58	60	67	98	106
49	57	85	93
62	70
13	21	82	90
17	25	70	78	97	105
45	53	75	82	100	108	139	146
0	12	14	21	54	66	117	136
51	63	92	104
3	15	65	73
0	19	110	118
33	45	49	68
0	8	10	17	48	56
35	43	72	80
63	71
13	21	61	69
26	34	105	112
27	35	55	63	133	140
0	12	32	40	45	57	76	88	153	165	194	206
76	84
14	31	34	41	42	50	52	60	104	111	113	121	163	171	241	248	274	281
0	12	14	26	73	80	121	133	206	213	239	246
0	8	62	70	87	94	132	140	189	196	198	206
0	12	27	39	55	63
18	26	152	160
9	16	19	26	70	77	141	148
9	20	23	30	52	63	153	161
9	16	27	55	124	136	158	173	181	189	227	235	292	304
0	8	45	53	134	149
96	104
0	5	41	46
39	50	52	63	65	76	94	103	109	118	168	177

51	62	71	76
23	28	61	70
29	38
115	124	129	140	256	265
31	40	42	48	54	65	163	172
34	43	144	153
29	38	43	52	143	152
42	51	69	78	134	143
15	24
35	46	56	65	98	107
33	39	61	67
0	14	69	78	130	143	155	163	165	177	181	193
34	43
66	81
10	19	54	63
26	35	40	49
88	97	123	134	137	150

0	11	42	62	69	80	82	91	93	101
5	22	62	73
4	17	46	67	93	98
14	27

0	25	43	48	52	77
0	5	12	31	85	90	125	144
0	11	20	31	170	181	191	196
26	31	36	53
72	82	86	99

14	40
0	19
10	20	68	87
27	37	56	61	67	77	150	160
13	23	77	90
27	37	56	61	67	78	174	185
3	14	55	65
21	34	65	76
20	32	50	59	64	76
147	156
84	93	134	142	156	168
39	60	67	80	82	104	106	118	123	131	137	144
21	27	59	68	137	158
40	49	53	59	110	119
7	12	78	84	100	106	136	141	162	167	171	181
23	35	107	116
4	16	69	74
27	36
14	23
17	26	28	39	43	55
19	45	60	65

19	24	53	65
19	24	29	35	64	70	138	144
47	54	168	176
68	76
30	37	42	50	83	94	96	107	109	122	124	137	139	148	186	193
46	54	58	69	85	92	120	127

0	30	51	59	61	68	96	126	157	163	165	173	175	183	185	197	204	218	228	238	240	253	255	277	282	288

0	12	14	22	70	73	129	141	161	176
19	30	34	45	46	57
26	50	61	72	75	86	123	134
0	11	52	63	66	77
19	43	108	119	138	149
81	105	136	147	150	161
79	90	140	164



0	11


0	11




24	35	38	49	75	86
42	53	176	187	197	208	240	251
20	27	51	75	110	117	121	129	140	146	148	153	164	175
0	6	40	47	51	59	70	77
109	120
48	56
49	73


164	175
32	43	64	70
23	30
53	59

0	10
39	48	50	56	58	68	70	81	86	93
74	84	143	155	157	175	188	197	199	241	243	257	259	273	275	286	288	310	319	326	328	336	338	350	352	377	379	411	429	434	440	463
31	41
13	23
33	43
21	28	30	40
29	35	37	47
98	108

0	7	46	66	69	97
41	48	96	102	128	134
41	48	52	62	82	91	122	132
29	36	40	50

39	46	50	60
2	9	49	60
63	74	78	87
0	9
86	95
71	84
0	7	52	60
50	58	60	72	74	86	123	132
26	35	63	72
4	13	23	32	47	56	105	114
41	49	89	98	125	134

53	60	70	81	84	92
89	96	115	126	130	138	175	182
56	63	68	77	80	88
145	155
0	18	21	35	87	97
70	80
108	114

8	14	44	54
61	82
0	12	15	42	44	60	77	90	94	103

3	11
0	18	53	61

3	11
4	17
33	45
0	16	31	37

14	29
0	6
30	36
6	15	56	63	88	94
7	16	53	59
6	15
0	11	13	21	25	32	62	83
46	52	67	73
0	15	42	50	57	68	70	87	89	103

0	7
0	7
50	64
4	11	43	56	113	120
31	45
15	45	55	69
45	53	74	82	96	106	108	122
37	45	173	193	224	237	246	255
8	16
8	16	104	117
0	8	34	48
69	77	124	132
21	35	63	72
42	48	52	61
35	43	61	85
70	79
68	93	101	108	124	150	164	172
70	84	183	196	198	204	208	215	271	279

60	69
37	47	54	65	67	80	83	94
32	44
53	63	71	82	84	97	101	112
32	44
24	35

34	46
49	61
23	34	50	74
25	36	51	62
43	49
15	37

51	62	65	72	79	93	94	103	104	117	118	130	132	139	141	150	152	158	160	168	169	178	180	185	201	208	210	221	223	229	231	238	239	245	246	260
0	8
11	23
26	40	44	52	85	99
40	48	85	91
17	28	58	83	85	88	91	94	119	130	148	156	170	176	178	189	193	199	227	250	252	263	284	307
0	7	25	36	78	84	114	125
68	79
0	13	15	26	36	69	128	142
45	56	73	86
0	6	34	40	44	55	79	90
12	18	61	94
15	26	30	36
0	28	41	52	78	88	92	99
0	11	69	79	86	93
0	11
0	11	106	116
18	29	34	45
0	9	11	20	62	71	74	83	96	107	222	233	246	255
0	6	44	55	59	65
0	8	48	59	69	102	132	141
64	73
5	38	100	116	137	162
17	28	32	41	49	57
4	21	34	45	93	101	108	116	122	135	140	149	157	165	170	179
91	102	106	123
67	74	87	95
73	85	108	114	155	162
27	52
26	55	73	98	100	103
92	95

29	39	73	77	122	125
13	23	75	78
9	19	21	30	35	43
0	10	12	21	25	33	111	122
31	41	43	52	57	65
21	31	49	58
48	58	130	140	145	154
32	42	75	85	87	96	100	108
42	56	58	72	108	117	119	127	129	137	218	228
14	28	63	71	73	80	82	90	116	126
0	9	15	32	45	54	167	176	216	225

17	26
61	71	144	154	219	228	250	260	279	288
31	41
0	7	31	41	52	59
7	17	43	50	74	92
65	75	79	86	147	157	197	204
35	42	67	85
100	107
20	29	42	52
12	19	23	33
0	11	36	46	91	102	117	129
14	25
12	23	45	62	151	162
31	41
0	7	13	30	72	79	92	99
25	38	42	52	107	119
31	41
84	90
55	79	87	95	100	108	110	118	174	186	261	271	274	281	283	294	340	349	353	361
0	8
14	22

30	38	99	107
60	68	72	81
100	108

11	17	107	113
10	16	48	54
50	56	115	123	125	137	139	148	150	161
30	41	66	79	81	88	91	108	110	128	131	136	138	146	152	158	222	239
11	22	61	68	70	88	90	98	103	109	135	141
78	89

72	79	82	93

5	16	107	124
5	22
0	25	34	48	139	148

32	52	89	95
0	25	29	52	54	60	125	150	153	176	195	204
0	14	16	30	34	42	68	86	88	95	99	107	149	163
77	85
71	77
9	15
22	30	32	43	45	56	58	71	73	86	91	114

43	49	51	68



0	6
53	65	72	81

140	173
33	66

0	6	51	65
155	161


19	25

40	46	169	194
26	33	48	58
56	63	78	88

49	59
9	17	58	65	131	145	147	159	174	184
5	12
0	10	33	41	45	55
0	13	37	43	45	58	152	161

0	9	11	20	55	64	87	93
0	8	20	28	166	181
72	79	134	149

0	8	23	48	50	65	99	115
0	25	27	40	42	50	52	62	76	84

0	6	22	28	48	54	98	110	128	134
72	78
3	10
0	7	58	64	66	82	84	101	106	116	122	131	171	182	197	206	239	246	268	277

13	28
67	80	82	91	93	102	104	122	124	133	135	148	150	162	164	170	175	182	204	215	249	258
39	45	49	64	93	104
38	45	153	160
30	39	75	81	112	118

45	56	59	67
202	213	216	224
58	69
106	112
38	49	51	59	64	71	90	97	101	107
59	65	109	117
0	8
0	8
65	73
0	8
82	90	118	124	132	141	159	174	176	185	187	194	196	204	206	215	217	225	227	238	240	249	251	264	266	274	276	284	286	300	302	315	317	330	332	342	344	355	357	368	370	380	382	390
27	35	58	70	79	85	92	100
43	51	74	86	104	118
22	30	33	45	47	58	74	82
33	56	103	109
31	39	48	61	63	77	79	86	88	96	98	108	110	118	120	129	135	148	150	157	159	167	169	180	182	189
18	26
31	39

0	8
64	72	96	102

56	65	79	99	105	121	124	135	140	144
53	57
0	35	37	41	49	58	60	70	72	81	83	92	187	199
26	37	43	46
31	35
0	10
73	83



118	129
0	10
13	23


12	22
21	31	189	199

5	15


80	90
0	10

55	65

0	10

63	73
14	24
28	38
14	24
93	100
34	41
175	182
0	9	43	67

0	9	42	55
28	38	56	65	101	110
0	9	67	78	106	120
0	6	36	44	62	68	101	107
0	9	57	77
22	31	34	66
0	9	45	58
8	21
35	44	48	57	116	125
110	119
11	20	24	33
86	95	99	117
110	119	144	149
47	58	110	119
0	11
21	32	36	45	130	139
54	63



54	63
0	9	96	113

0	8	58	66	103	111	141	150	207	215	219	227	241	250
0	12	38	50	54	78	121	130

9	18	50	62
0	11	43	54	96	105
35	44	80	91
0	12	65	77	80	89

0	7	33	46	66	74	110	119
0	9	23	30


0	10	30	38
14	24
70	80
70	78	135	143

0	10	20	29

0	7	67	74	117	125	144	153	181	190	210	217
0	7	71	79	91	98

0	9	26	35	82	91
4	13	52	61
30	39	42	51
11	20	23	32
4	16	79	91	95	110	160	179	190	205	249	258

9	21	61	70

0	6	8	13	16	21	49	58
43	52	79	84
19	28	58	63
8	17	19	28
0	9	49	58
17	26	89	98
129	138	154	171


0	7
73	80



41	49
70	78
64	72
45	54	57	65
99	106	114	119
14	21
53	64	68	79	89	97	119	127

66	71
55	85	92	101	104	113	146	151
30	35	39	49	88	93	129	139

37	42	46	54












29	35	80	91	93	99	104	119	139	158
27	33	37	52	54	63	65	74	80	87	89	100	105	117	161	172
27	33	38	47	90	101
0	6	55	62	88	95
19	28	79	86	189	210	242	249
0	9
19	30	87	93	104	111	115	123
0	8	16	23	35	42	62	75	77	80	83	106	117	120	143	147	149	158	266	272
0	9	40	46
57	64


0	7
19	26
72	79	149	163
0	7	52	65
44	57	60	67
23	35	75	109	149	159	161	172	174	188	190	199	201	209	211	236	241	268
47	55
46	54

20	28	37	45	47	61	79	93	95	103	109	122	124	132	134	146	166	192	197	205
47	55
46	54
27	35	39	51	54	78	145	153

32	41	49	66
81	90
0	8	67	75
61	69
31	39	72	80
51	61
12	22	80	86	96	105	112	138	140	148	151	159	161	168	178	194	196	204	207	225	227	231	236	255	257	268
2	34	36	40	48	56	58	63	65	69	71	76	86	95	97	102	104	111	113	119	122	131	133	140	142	149	152	159	161	166	169	180	182	188	191	200	202	208	211	219	221	226	232	239	241	247	249	256	258	262
23	38	40	51	53	59	61	66	69	81	83	91	96	108	110	119
2	26	28	31	39	51	53	59	62	76	78	84	89	98	100	105
2	13	20	30	32	38	41	48	50	57	60	69	71	77	80	89	91	99
2	9	27	45	47	50	52	62	65	78	80	85
2	16	23	32	34	42	44	50	60	77	79	84	94	105	107	113	115	123
2	14	21	34	36	44	47	58	60	67	69	76	79	94	96	104	107	118	120	128
1	9	11	18
1	9	11	18
1	8	10	16	18	25


48	58

57	69	109	143	149	154	194	204	206	217	219	233	235	244	246	254	256	281	286	313
47	55
46	54
55	63	84	94	117	126	129	137
93	101

20	28	37	45	47	61	63	76	78	92	94	102	108	121	123	131	133	145	147	162	164	190	195	203
47	55
46	54
32	41	49	66
82	91
38	48	52	60
19	27	65	75
30	38	47	57
18	24	43	58	106	119	121	138	142	165
27	33	46	62
3	9
51	59	61	69	71	80	84	98
47	60	81	88	109	122	126	132
13	19	34	47	51	69

46	52
0	7	9	18	33	45	46	55
16	25	30	37	48	55	57	65	69	75	81	90	114	117	125	137	148	151	154	157	220	224	226	235	341	350
58	70
0	7	8	18	19	31	42	51	78	85	89	99

95	102	106	116
0	11	13	25	66	77
5	16	43	55	89	100
32	44	67	78	83	94	153	165	186	197
0	7	28	35	85	97
19	28	66	73	167	188	207	214
83	95	98	109	123	135	144	155
60	72
45	57	87	98
16	25	82	93

7	17	19	28	30	38	40	48	53	61
42	54
96	108
0	33	35	40	74	105	111	119
0	17	134	143	149	165

10	35	101	112
16	27	44	55
30	41	82	95
8	14	76	82	84	97	99	111
26	41	62	87	89	93
8	35	97	103	105	118	120	132

36	45	62	79
19	28	75	87	90	98

10	19
0	3	34	43
0	30	32	38	52	58	96	105
3	14
22	30	34	60
0	13	49	62	72	81

32	41	69	77
28	37
58	74	81	89	93	101	108	127	137	149	184	189	195	213	219	231	241	254	260	274	280	286	295	306
144	153
77	86
228	234	239	244
70	76	80	85

11	29	50	55	82	95	102	112	114	120	125	131
51	61	65	72	80	90
44	54	58	65	84	91	123	133
53	60	91	101
0	8	28	57	88	102
0	8	71	82
49	58	86	94
22	31	55	73
34	49	57	69	73	84	88	111
33	39	51	64	66	78
14	26	38	46	49	62
0	17	30	48	50	56	58	71	73	81	83	94	96	107	109	126	291	303
24	30	66	80
42	48	81	95

15	21	29	37	39	51	53	60	64	77	124	136
0	12	42	52	54	63	65	77	81	92	149	155
203	215
157	169
0	6	16	46
22	52	54	59
19	24	71	101	112	118	120	134	141	148	150	155	178	186
11	25	54	59
0	6	56	61

0	11	45	58	67	77	79	87	89	100	102	116	118	131	136	147
0	12	55	65
23	43	51	59	85	95
39	47	60	70
0	12	14	23	25	35

0	10	20	30
0	9	11	18	23	29
0	5	40	50

53	69
0	6	8	19	23	31
0	16	32	38	62	77
5	25
0	13	17	26	27	32	46	64	90	110
19	32	35	44	45	50	58	76
0	14	16	19
19	32
0	22	45	56	95	108
0	6	37	45
0	13	39	45	63	69
26	32	76	94
0	34	71	105	167	170	172	188	192	208
14	32	36	71	160	167
22	39	41	54	56	72	81	94	105	111	130	140	144	156

8	20	23	46	51	61	105	118	121	131
18	33	38	48

0	13
46	62

0	18
1	17
18	36
0	26	44	52	59	68	103	126
48	64

0	12	15	29	32	44	46	49
18	34
0	16
18	34	61	69
42	58
38	47
1	17
42	64	93	108
0	6
0	6
18	34	68	74
52	68
0	34
19	49	111	114	116	131	136	152
14	31	35	69	158	165
1	9	45	58

1	13	44	55
221	237
99	107
22	38	48	58	60	73	75	87	89	106	108	131	139	152	163	169	188	195

51	58
35	45
15	25
5	15	64	83
23	33	84	114	121	129	131	152	156	167
13	43	76	86
150	155
55	72	101	107
66	71	108	122	124	133	135	145	147	160	162	192	194	217	224	237
0	7	39	44
10	15
0	7
0	6	19	26
18	24	58	65	67	75	77	80	118	128
0	10	102	109	124	131
0	9	13	32	34	37
31	41	118	127	131	134
96	106
90	100
96	106	160	170
0	6	8	39	42	47
56	62	66	99
5	11	14	18	94	104
44	50	54	87
70	76	79	84	111	121
13	19	21	26	31	45	138	144	147	152	157	167

0	14
19	29
51	57



92	98
0	26	79	87	188	214
42	50	59	93	126	152	199	207	220	233
0	6	30	36	46	80	91	99
77	83	86	94

0	11	13	21	36	69	107	118
19	27	53	64
21	29	61	72
63	72	75	84	89	97	122	130
0	9	67	75	107	116	120	128

28	36	110	117
0	6	8	16	44	50	77	83
14	20	68	74
70	78
9	17	21	27	99	105
17	23

0	6	82	88
68	74
18	24	71	79
0	27	47	68	117	125
0	28	48	76	125	133

14	22
11	27

15	31	33	39
0	6	80	88	91	97	135	141	175	181	218	226
74	82	104	110
0	6	41	47
55	61	66	74
0	10	45	55
64	73	75	83	85	94	96	105	121	131	133	142	147	158	205	215	220	228

245	253
89	97
37	46
113	121
27	29	44	50	59	93	132	137	139	150

11	13
17	19
55	57
29	31

21	23

16	18


15	25	130	138
0	8	27	37	115	125
88	97	108	117
82	89	99	108	110	118	122	130
8	15	63	74	78	99
5	12	116	129
21	28	52	65	67	75	77	93	95	116	118	127	129	140	142	171	173	187
21	28	63	69
0	18	62	69
60	67
17	24	65	72	131	137	175	186	188	199	201	212	214	227
95	102
39	46	51	57	78	89
20	27	122	129
36	48	50	58	60	72	74	81	83	95
42	48
50	57	81	87	98	104
15	22
49	55	56	62	91	101	181	187
47	53	112	123	126	133
0	6	82	96	98	134	143	168
7	14	121	127
8	14


8	14
18	30	76	82

49	68
97	116
31	43	52	62	78	97	104	114	116	129	158	181
28	50
0	22	48	65
24	33	109	118	120	129	198	209	211	219	248	257


60	83	85	88
135	137


37	39
80	88
0	9	55	69	71	84	92	112	113	123	127	136
11	46	48	52	60	69	71	80	85	94
16	19	21	23	120	123
71	75
103	112
16	39	133	155
82	104
22	24	46	48

0	8
18	25
0	8
68	76	118	126
18	25	81	89	135	143

38	45

0	14	16	25

17	33	35	44	46	55	57	72

0	7	9	17	19	27	29	37

17	25

0	10	12	19


55	62	77	94
0	16	18	25
55	62	77	94	116	135
0	25	27	36	38	48

0	16	18	27
4	11	15	24
63	70	74	83




0	17
0	8
15	22	69	79
0	8	12	21
0	8
16	24	52	60
13	21	77	85	101	109
0	8

0	8
0	8	52	61

0	8	22	30

90	98	116	124	143	150
0	9


0	14	16	23	25	33	47	55
0	19
71	85	108	115
0	14	16	28	30	42	44	52
0	8

0	7	39	47
0	21	23	37	44	53	55	64	66	76
0	36

0	13	27	35

0	24	26	37
0	11
23	34	67	92	138	148	150	160	164	175	193	200
0	17	19	30	32	41	43	51
0	22
36	43
0	8
15	22	71	82
0	8
15	22
0	8	22	30
15	23	63	70	129	137	141	148
0	9
0	9	89	97
0	8
0	8	88	96
0	9
0	9	90	98



27	38	59	68	137	148
28	34	38	47
10	19	23	29
80	86	102	113
19	25	35	40
28	34	83	96
39	45	80	92
86	99	103	109
28	34	38	51
4	10	37	46	65	76
34	40
24	30
21	27	60	71
0	6	53	64
16	50	68	79	113	124
0	5	45	56
8	14	69	75	95	101	170	176

19	25	29	35	103	109
17	23
40	46
0	6	29	35	106	112
14	20	24	30	57	63
34	40	102	105	107	123	128	144
14	20	24	30
1	12	14	22	111	118
0	6	81	90

34	44	69	75
0	6	10	20
0	6	10	35
21	27	31	56
31	39	130	136
37	67	70	103	113	119

0	6	44	52	56	63
85	91

26	35	65	72	76	98
5	23	34	41	64	71
56	58

51	53	58	92	94	102	104	118	125	133
39	49	51	60	62	76	78	81	83	85
65	67	108	142	144	152	156	170
36	53	116	133
5	14	116	130	132	142	144	156	159	171
55	61
138	150	152	163	165	172	174	183	185	197	199	210	212	222	224	241	248	257	260	281
81	87	89	103	105	111	113	121	123	143	150	160	162	170	172	182	185	193	195	218	220	229	231	245	247	255	257	268	281	294
0	12	14	22	24	30	40	46	107	113
0	10
66	78	80	88	90	101	106	114
55	61
117	136	138	150	152	163	165	172	174	183	185	215	217	228	230	240	242	259	266	275	278	299
80	94	96	101	103	109	111	119	121	141	148	158	160	169	171	181	184	192	194	217	219	228	230	244	246	254	256	267	280	293
0	12	14	22	24	30	40	46	107	113
0	10
66	78	80	88	90	101	106	114
8	15
65	71	76	90	164	170	220	226
2	8	20	34	36	42

41	47	62	72	86	92
18	24	29	36	53	59

46	52	54	60	89	96
51	55
88	92
55	59	178	182
19	27
78	91	94	97	184	192
0	8	106	115	178	186
0	7	73	102	104	118	123	130
18	26	89	96
0	20	30	47	159	184
48	55	82	96
105	123	125	131	133	140	145	154
133	144	146	156	160	169
53	62	86	93

54	61	63	81	85	91	93	102	159	166	204	210
21	30	66	75	78	96
19	27	100	119
130	138
29	37
49	57	97	109

51	59
120	128
16	28
97	112	142	150
68	83
21	28	49	57
79	87	118	126	143	151
65	73
0	12	63	70	72	81
52	63	68	77
16	28	37	54


38	50	174	186
63	75
28	56	110	134	158	169	171	179	181	194	199	210
0	9	49	63	76	105

5	13
40	48
0	12	29	41	80	88
87	95	99	111
35	43
32	40	143	155
43	51
0	12	14	22	51	63	89	101	161	169	189	201	270	283
0	11	35	46	50	58
0	8	10	18	43	51
7	15	55	68
64	72	76	87	118	129	182	190
26	37	46	57	127	138
0	8	69	77	100	108
6	14	49	57	61	69	121	129
0	25	38	48

0	6	61	71	78	86	151	171
24	42	72	83
0	6
24	44	74	85
0	6
58	79	83	97

0	7	35	42	45	52	90	107	118	125
0	12	38	45	49	61	84	91	218	230
11	22	47	58	99	106	152	159
13	34	105	130

14	35	74	81

0	8	10	17	61	69
57	68
0	8
93	101	105	112

0	22	24	46
93	115	119	126

87	108
0	7
36	65
177	184
94	101
126	133




18	24
90	97
49	56
217	224
29	36
52	59
57	64





0	12	14	21	23	32	65	77
0	18	90	97	99	108	113	131
41	50	61	79	132	141
0	10	67	77	126	135
67	77
44	53
0	10	141	150	182	192	204	214	246	255
0	9	56	65	99	108	140	149
2	11	58	67
0	9	55	64	102	111	134	143
2	11	30	39	169	178
0	7	107	116	127	134	166	173	258	267
14	21	25	34
0	6	38	45	47	56	61	67	151	157
0	7	57	64	96	106	111	131
62	69	71	80
4	15	38	56
18	29

18	28	33	44	83	93
11	25	27	38	63	72	115	124	147	166
22	33	49	60	143	152
31	42	46	57	77	86	91	102
41	52	84	92	138	146
37	48	52	60
22	33	115	123
36	47	52	60
18	29	38	46	49	57

47	58
2	10
18	29	33	44	46	55	58	64
0	11	13	22	26	32	81	92
48	73	132	153	163	174
4	15	37	45	47	54	101	112
55	66	128	139
62	73	77	85	109	117
32	40	91	102
21	32	65	72
70	81	85	92
22	42	78	86
0	11	53	64	68	76
65	85	93	110
56	67	75	92
75	86	90	98
52	63	67	103

70	79	129	138	187	198
17	30	50	60	62	72	75	88
10	23	28	37	102	115
29	42
31	42	49	57	81	88
0	7	64	79
0	11
18	24

55	61	128	139	169	179	224	234
33	43
35	46	70	79	114	123	146	164
18	27	32	43
41	52	84	92	134	142
37	48	52	60
36	47	59	67
0	11	42	53	55	64	69	86
31	42	44	53	57	74	100	106
18	24	36	44	47	55

47	53
2	10
41	47

33	39	73	84
16	33	38	49	84	91
27	40	44	56
76	85	89	97	106	123	199	210	221	229
27	38	50	58
26	37	41	49
27	34	39	50
0	2	4	12	36	47

35	46	73	82	111	120
15	38

67	76	105	116
37	43


43	52
58	63	106	115

0	7	36	53	57	73	126	135	150	155

0	6	8	17	30	36
61	67	77	86	113	122	159	165	182	188

25	31	35	44

0	7	9	27	51	60	128	146
14	22

0	6	59	68	72	78	109	118	146	152

0	7	58	67	111	118
46	53	91	100
55	64	121	130	134	141

0	9	11	20	46	55	86	95
26	35	39	48

0	11	13	22	33	38	73	84

0	6	8	42	86	92
25	31	53	62	83	89
56	65


0	8
0	7	9	15	17	26	31	37	57	64	104	124	150	158
0	8	21	27
56	65	89	97	184	192
27	33	35	42	44	52	54	61	63	71	73	85	87	95	121	141
84	91	158	165
56	62	190	196
63	69	73	80	83	89	110	116	133	146
0	9	11	17	33	40	51	60
0	9	38	44	52	61	92	100	126	134
26	32	36	45
0	6	25	31	69	75
11	17	26	32	70	76	95	101
0	11	40	51	59	64	102	113	137	148
11	17	20	31
0	29	120	149
18	24	29	43
0	12	30	42
0	17	80	86	90	107	109	117	119	131
0	16	52	58	82	98	100	109	111	121	123	132
0	7	56	63
8	14	18	25
43	49
0	11	13	22	60	70
0	8	10	19	46	54
7	14	16	25	82	89
0	16	32	41	75	91

13	24
32	43
0	17	35	45	49	66
0	10
0	11	29	39	43	54	107	118
22	32
8	18
0	11	33	44	94	104
81	92	130	140
0	9	23	33	92	101	175	184
0	25	27	37	86	111
0	1	5	14	36	46	102	103	107	116
16	22	37	44	56	62
0	12	16	27	29	40	78	90	116	127

0	9	11	20	58	67
0	43	54	70	72	93	97	105
16	30	34	59
0	9	11	25	32	52	53	62
0	15	17	31	80	95
0	30	37	49	56	62	65	74	81	86	89	100	107	114	117	126	133	140	146	160	167	173	199	210
0	25	35	56	58	74	79	87	108	117	134	146
32	43	61	84	138	149

71	95
54	84
0	9	52	63
88	99
28	36	75	86
42	53	71	79	112	120
58	69
0	11	48	60
2	13	24	36
19	27	51	67	74	82
37	49
46	56

72	83
0	11	61	71
28	36	62	72
66	73	95	103	124	132
119	127
0	9
192	203

40	49	81	83	85	87
100	109
0	9	13	23
15	24	42	52
0	11
20	31	133	140	142	151	153	164	166	174	176	184	186	196	198	207	209	216	218	231	235	245

4	15	48	59	110	121
52	63
66	77	88	99
0	11	72	82
37	48	56	65	111	120	142	161	263	272
10	29	66	75
17	24	58	69

0	11
39	50	147	158	160	169	177	180	187	193
9	17	66	74
97	105
0	8
0	8
2	7
48	56	163	171
16	24
0	11	39	50	118	126
0	12	57	69	147	155
36	44
2	7	71	79
67	75	80	91	166	177

68	77	90	100

0	13	17	24	41	54	57	73	179	189
48	58
28	38
32	36	41	52
76	86

77	87


0	5	86	95	99	107

41	46
0	10	91	101

0	7	58	62	97	104	154	158
24	28	123	127	131	138
0	7	55	59	63	70
69	76	78	89	171	182
40	51	96	97	101	110
34	41	81	92
65	72	131	142
24	36	48	60	136	143
24	42	44	62
30	39	43	50	85	90
43	48	52	60	92	100
43	48

0	8	60	72	74	82	86	94
86	95	200	211
19	28	76	87
0	9	33	46
0	8	10	32	108	114
44	52
101	110	114	127	197	210	218	225
46	51
0	12
11	23	64	75
0	12

81	89	91	99	105	117	119	125	127	134	136	145
28	33	42	59	61	64	66	74	75	80	138	146
18	30	52	60
0	8	9	14	65	73
0	8	53	65

32	37	46	49	51	63	65	74	76	86	88	100	102	110	112	120	124	132	186	198	207	210
21	33	79	82	95	98	134	146
8	11	86	98	142	145
31	43	79	91	93	101	103	112	116	126
25	38	39	44	104	116	133	148	158	171
26	38	75	87
0	6	7	12	91	97
18	24	61	73
0	7	8	13	68	68	72	80
31	43
18	25	59	71
0	9	11	20	131	143
68	77
38	47
11	16	19	28
8	14	99	105	109	119
46	57	125	133
17	45	78	95

19	47	52	60	64	80
0	29	33	61
0	9	62	72
73	87	90	112	116	139
49	58	124	133
72	86	131	139	141	153	155	162	204	215
7	24
0	19	25	36
3	27	33	41	59	68	90	100	104	117
34	48	124	138
54	65
39	48	92	103	133	140	171	183	184	191	297	308
46	58	66	96	101	107	109	117	119	127	134	140	149	159	161	172	174	197	199	212	214	226	228	250	254	267


28	40	44	56	101	113
47	59	235	245
16	26
16	54	56	83	88	98	100	109	111	121	123	130	134	146	229	254	261	273
2	7	27	59
29	40	102	110	112	124	126	135	137	143	145	152	154	174	176	185	187	193	196	207

146	158
0	18	78	96	126	141	143	156	163	185	187	200	202	227	262	271
57	75	145	153	164	179	181	192	194	203	205	213	217	244	246	259	261	270	272	286	288	303	305	317	319	327	329	340	342	355	357	365	367	377	379	387
198	214	216	235	237	246	248	256	298	308	310	320	322	334	337	352	354	379	381	393	395	408	410	417	419	426	430	445	447	457	459	473	475	481	505	511	544	569	571	578	580	589	591	597	599	614	616	629	631	638	640	652	654	666	668	676	678	687	689	696	698	716	718	729	731	743	745	761

0	9	11	20
0	13	51	64
0	17	19	25	27	39	57	63	70	87
0	25	42	60
0	8	10	19	21	31	34	42
0	18	40	58
5	13
0	7	101	119	123	130
0	10
0	11	26	49
0	7	9	18	44	57
58	65	68	77
0	11	13	24
0	23
15	24
0	20
24	42	53	63	66	79	99	124	127	150
0	13	17	30	67	77


26	41	99	121
0	9	89	115

17	26	30	41



27	35
10	18	52	61	65	82
0	15	41	45	118	138	140	150	153	170
23	41	45	59
14	29	37	44	47	57
0	17	38	46	50	67
70	74	78	95	106	120	127	162	164	168
25	29	44	61
88	92	106	123

4	17	19	33
6	19
24	37	58	64
55	67

0	6	13	25	81	87	94	105
82	100
17	23	30	42
0	13	15	28	38	39	43	44	90	104

54	67	71	85
0	7	13	26	28	36
85	97	116	124	149	155
71	78
37	43	117	125	128	135	151	164
0	23	30	44	49	58	67	90
0	13
0	8	10	28	59	67
74	82
0	7	38	55	71	80

0	10	13	21	72	82	86	99
53	71

117	130	139	147	149	163	165	173	179	192	203	211	213	218	278	288


9	17	21	28	44	57

69	76	79	92


69	79
19	24

25	38
35	50	52	70	125	135
47	58
0	17	18	35	50	61
0	14	16	24	25	36	60	83	86	106
0	12	17	27	30	42	59	68	123	135

0	12	13	31	54	65	71	81
22	33


0	13	15	26	59	72
0	16	18	29	66	82
0	13	15	28	112	123	143	153
0	11	13	24	55	66
0	10	12	22	89	100
0	15	52	63	80	95
0	9	11	22	53	62
0	10	36	47	104	114
0	13	15	26	55	68
0	12	14	25	56	68
19	31
0	8	10	21	52	60
19	27
0	11	22	33	45	55
0	16	18	29	59	75
32	43

0	11
48	56	207	214
38	45	84	91	149	156
28	35	56	63
5	12	51	58
11	23	41	49	74	85	116	123
0	35	101	135	159	168

18	23	62	74	85	94
57	62	80	92
83	90	110	117	140	151	161	172
12	19	48	55	62	68
84	96
60	67	92	102	105	123
61	68
31	38	70	91
5	12	17	42	49	62	64	74	78	86	89	97

87	94
0	6	8	14	57	63	125	137
0	6	56	62	69	80
24	30	60	67	99	105
1	10	46	52	54	65	74	82
1	10	33	53
17	40	63	72
0	11	76	87	155	166
43	54	63	74	119	130	165	176
16	27
0	7	11	20	22	31	35	42	53	61	64	71	136	140	142	151	242	253
0	9	34	45
0	8	13	20	32	39	70	81	130	141
20	26	30	41
50	61	84	95
0	7	23	30	159	170
99	106	128	139
82	89
5	14	78	85	195	202
0	9	11	20	76	85

21	32	36	45
0	11	34	45	82	93	115	128
18	29	33	44
0	9	43	54	117	128	162	171
9	18
0	8	52	60	120	134	175	186
0	11	48	56
0	9	11	20

0	10	88	98	111	122	172	183	187	197
0	7	9	18	48	60	62	69

81	88	170	177	181	192

0	9	22	40	58	67	81	90	139	148
0	9	68	79	81	90	95	106
51	60	67	90	130	139	252	261

33	42	45	56
34	45	80	89	116	127


49	58	62	85	116	125
0	9	10	33
0	11
0	9
0	11
72	85	89	98
11	25	36	44	111	122	125	131
10	18	48	62	127	138	140	153	155	166	168	180	190	204	210	220	254	262
86	104	106	112	114	121	123	132	136	148
0	7	63	70

0	11	39	46	100	107	112	123
0	10	83	90
48	55
26	33
35	42
67	92	99	112	114	124	126	134	137	145
11	32	61	68	86	119	120	131

0	9

82	91

0	11	12	23	24	35	36	49	50	62	63	83	84	93	94	105



0	10	16	23	24	29	31	43

0	6	80	86	116	125
0	9	12	20	75	84	87	95	145	174
0	20	51	60	78	85
15	39	143	150
79	99	118	127
35	48	91	100
119	140
11	20
0	9	98	111
0	10	149	158	162	172
0	6	70	79	83	89	110	116
4	21	49	55	143	151	158	171
105	112	116	124
14	21
58	65
15	25	92	95	98	101
4	17	53	63
0	7	9	27	47	54
14	32	59	66	79	86
0	6	34	40	49	67
21	39	54	60	82	100
0	18	37	46

0	11	42	66	100	118
0	7	36	43	47	64	98	116
0	6	19	24	53	59	63	69
0	11	13	18	57	68
48	59
23	28	61	72
0	12	32	37	76	88
57	62	80	92
0	9	75	80	112	121	125	133

26	32	37	46
0	6	8	13	45	51	78	84
14	20
76	80
9	14	18	24	96	102
0	7	21	28	32	37
0	7	46	52	73	90	103	115	140	152	227	237	239	248	252	263
24	36
62	68
25	34
80	90	92	102

13	22
66	77	124	133
27	36	65	71	73	81	85	95
60	69
27	38

65	74	159	173	176	204	206	227	229	242	245	261	263	286	290	303

18	31	36	47	49	61	63	75	78	86	108	117	171	184
60	69
4	13	41	59
96	105

25	34	104	117
47	57	61	73
0	24	26	50	85	92
0	13	15	28	73	83	85	96	98	106	108	118	120	128	150	158
5	18
0	13	34	47	51	58	83	90
0	9	30	39	43	50	75	82
0	9	30	39	43	50	75	82
0	7	9	16	43	50
0	10	12	22
0	7	9	16	41	48
0	7	66	82	85	98	109	115	117	128	132	149
0	7	74	81	83	101	103	109	112	118
59	62
41	50	55	62	101	106
29	36	48	54	99	102

24	27
61	97	99	109	163	173
0	16	31	37
14	29
34	42

54	66
46	56
71	77
15	30
0	11	14	37	75	84

22	33	65	73
22	33	87	96	100	111
22	33	75	86
0	9	53	60
31	38
0	9	20	32	63	75	76	83

0	13	50	62
0	7	18	26	28	35	39	45
0	9	44	47
0	12	23	26
3	7	10	19	125	134
85	97
21	32	76	85	89	100
10	21	64	75
44	48	66	72
61	65
38	42	46	55
53	57	61	72
14	18	36	41	122	137
78	82	95	100
8	13	39	51
27	34
17	24
123	149

38	46	48	58	61	72
27	34	38	44	68	75	142	148
22	31
17	23	59	65
0	7	16	21	58	68	77	89
0	9	36	43
21	28	60	71
0	7	9	22	31	36	82	93	141	152
31	38

19	26
128	135
0	7
0	4
66	75	89	109	115	131	134	145	150	160
19	29	39	51
62	72	81	93
0	35	37	41	49	58	60	70	72	81	83	92
26	36	42	45
31	36
20	36	38	43	69	75
18	24	91	96	127	132	204	210
49	55	70	86	88	93	114	130	188	202	205	221
40	46
0	6	108	118

0	8	98	104	154	162

0	8	14	20	84	92
0	6	12	18	84	90
0	7	44	50	123	130

0	9	49	55	96	105
0	10
60	69	71	81	83	91	93	103	105	115	117	125	127	134	136	144	146	164	166	176	181	189	220	230
10	20	61	71	73	81	83	93	95	102	104	112	114	132	137	147

22	56	58	63	66	76	78	103	108	150	187	193	206	222
21	29	31	45	47	61	66	81	114	120	133	149
63	69
18	23	101	115	127	141

0	9
18	25	67	103
0	9
18	25	60	69
18	25	61	70
88	95	99	105	107	118	120	135	137	150	152	163	165	176	179	189
38	45	46	60	62	71	73	81	82	95	97	106	108	118	132	147	148	170	172	179	180	194	195	203	205	213	231	239
52	59	60	82	84	92
29	36	68	77
0	10	28	38	43	50	85	95
10	17	57	67
35	42	86	95
0	25
0	8	28	36	41	48	74	83	110	118

0	8	28	36	41	48	74	83	114	122

0	9	29	38	91	100	112	119	145	154	184	193
23	32

0	15
0	11	31	42	47	54	79	88
78	89	93	100
0	37
0	9	30	39
10	19	86	95
30	39	58	65
64	71	93	102	105	113
0	22
0	8	28	36	40	47	72	81	109	117
28	36	88	95
0	7	27	34	38	45	71	80
0	7	11	18
4	17
0	15	19	31	51	58	63	70	95	110	129	141
71	78
148	155
54	68	72	81	156	170
4	11	51	61	67	77	79	90	94	107
31	37
10	16
4	18	40	47	50	63
7	17	29	36	38	49	53	61
5	15	127	144
19	29	31	50
9	18
58	65
96	108
22	29	36	47	54	66	68	80	82	90	96	108	165	172
0	9	56	68	75	84	88	101
0	9
0	9
111	120
65	74


93	102


28	37	44	62	63	70
50	57
4	11	33	42


23	32

0	13
0	13	49	58
58	71
14	27	35	46

0	15	19	31
0	15	16	28
4	17	113	122

37	46
78	86
0	9	13	24	79	90
0	8	10	18
15	23	25	33	93	102
0	8	78	83	95	103	131	140	191	199
0	9
21	30	48	57
0	8
82	90

0	9	13	20	75	84
68	77	101	109
78	87
64	73	77	85	143	151

79	88

0	9	11	22	24	32
0	12	14	23	25	36
0	21
0	8	10	19	21	29

0	13
0	10	12	21	23	31

0	13
79	88


227	240


15	23	25	30	33	48	57	69	95	118
0	6	19	25	60	72

17	23
0	12	42	72	120	133

0	9	11	20	30	43

0	6	12	26	56	76
0	13	50	56	71	77	128	141
0	5	25	32	46	59
62	75
0	11	40	50	54	65
22	33	120	130
31	40	42	52	54	65	67	74	76	84	88	95	153	166
63	70	148	171	175	186

0	28	128	137	141	159
10	17	19	28	59	66
0	8	90	96	141	147	151	160	181	187	246	255
39	48	53	59	69	75

36	42
75	81
55	61	88	94	153	162
0	8	81	89	93	102	131	139
0	21	89	110	117	126
25	34
0	9	71	80	145	154	172	181
0	9
44	53	141	150
2	11	58	67
8	17
50	68	70	78	83	94
108	117
15	33	66	75	144	162
46	67	98	104
9	15	61	85

60	69	150	159	176	185
69	78	119	128
30	40	83	97
0	9	56	66
32	60
18	26	35	39	76	86
18	22	27	35	88	103
34	44	48	60	62	69	71	81
0	10	82	92
24	28	58	65	89	104
0	8	53	63
51	61	77	85

41	51	55	62	65	71
0	9
46	57	180	187
44	53
115	126

0	5	29	38	40	47	49	58	60	67	69	78
52	76	87	105	109	121	150	155
20	29

0	7	18	37	72	85
52	65	82	101
0	14	22	31	35	48	83	96
22	35	132	144
55	68

24	36	66	77
0	6
58	79	90	97

22	40	69	84	95	118	154	164
37	46	50	61	63	78	80	88	90	98	100	108	113	120
0	9

38	44	67	76	95	104
18	26	84	98	99	107	109	121	126	137	145	164	165	172
54	64
22	33	65	73
22	33	87	97	101	112
22	33	75	86
21	32	69	80	85	95
10	21	64	75
0	9	20	30	58	71	82	89

30	39	49	59	64	72	75	91

28	38	90	99	103	113
19	32	54	67	105	115
0	12	39	42	45	48	50	57	60	69	147	157	233	243
0	4	6	15	153	163	248	258
4	13	61	68
31	38
122	129
57	68	70	83	85	99	101	113	115	126	128	137	154	163	167	179
40	61	120	132
36	65
102	115
33	56	96	105
127	150	155	164
63	86	148	157
56	65	114	137
24	47	83	92
12	35
76	90	101	113	119	141
0	9	79	91
16	24	43	65
62	87	103	122	125	144
43	49

59	69	71	86	94	117
63	86
70	84	86	109	111	146
16	39	138	160
29	52	115	129	131	144	146	158	163	183	188	198	200	209	214	222	252	260
0	12
18	20	84	96	100	102
0	12
22	34	89	91
30	32	36	38
25	27	31	33

18	20	31	43
2	4	189	200	202	212
11	23	27	29	118	150	158	171
11	13
0	17	47	55	64	67
102	110
0	2
6	8
0	8
11	19	22	24
11	13	16	18









0	11



75	83	113	121	145	153
26	34	100	108
13	25	65	73
42	54	56	64	68	80	122	124
34	42
8	21	41	49	60	72	146	161	169	182


25	33	38	59	74	87
29	42
0	16	51	59	69	78
0	8	63	65
21	30	32	43	47	64	99	101
11	18	80	88
36	40	58	66	142	146	160	168	201	205	212	220
59	68	100	104	129	137
15	19
92	96
28	32	56	73	75	83	85	94	96	104	109	118
47	57	81	93	113	122	126	136
11	15
130	134
51	55
75	79
72	76
114	124	151	160	207	211
83	87	112	126	134	146	168	180	188	197	200	209

76	90	158	162
82	86
92	96
12	16
60	64

168	172
0	4
56	62
52	56
48	52


80	84
154	158



13	19	111	122
0	11	99	110	114	120

42	48	66	72	74	80	102	110
19	28	48	54	58	67

0	8	12	21	22	30	73	81	85	94
26	34
62	68
11	17
7	15	16	24
26	34
84	92
87	95
46	54
32	38
127	133
134	140

42	48
12	18
81	106
28	34
0	29

0	6
45	51
0	6
0	6
27	35	151	159
0	6
133	139
33	45	48	56
25	37	40	48
128	134	138	144
39	45	71	77
0	6	15	27
0	12

17	23	48	54
25	39	155	161
0	6	10	16

0	6	74	80
0	14	27	38	45	58	105	118
0	9	44	55	118	127
22	33
59	70	104	113
93	123	155	166
0	9	31	40	71	78	99	110
0	13	130	136	142	155
0	11	13	30	54	65
23	34
42	52	73	80

113	124	126	135

48	59
0	13	21	30	35	47
0	7	14	22	31	40	44	51	83	92
0	12	32	37	76	117
68	72	80	91	92	101	199	210
57	61	79	91
0	6	43	49	54	58	135	139
164	170	175	179	213	221
22	28	33	41
14	18	94	100
34	38	58	64
26	30
57	61	65	71
0	9	43	52	88	96

0	6	8	16	100	106
0	9	75	80	112	121	125	133

0	11	13	24	96	104
0	6	8	13	45	51	78	84
65	71
9	13	17	23	95	101
0	11	12	16	108	119	172	183
29	33	142	153
57	68	105	116	142	150	159	170
20	31	67	71	75	86
4	17	18	26	88	103	107	119
0	9	11	22	24	32	94	105	108	117
0	7	28	32	37	44	124	132
36	40	94	98
0	11	12	16	76	87	168	179
20	31	85	89	129	140
20	28
89	101	103	109	114	121
0	7	102	106	133	140
60	67	71	79
146	150	167	174

54	61	65	73
42	50	72	79
7	15	89	97
15	24
13	22
71	80
10	19

59	66	70	78


38	45	47	55

0	14	16	25	27	34	36	45	47	57	59	67
0	13	15	24	27	37
0	15	17	33	35	44	46	55	57	72	151	155
0	22	24	31	88	97	102	115	155	164
54	63	65	73	84	100	124	133
42	49	51	59	62	70	72	80
16	24
126	133
0	25	27	36	38	48
0	8	10	18	20	28	30	38


105	126	128	134	136	147	149	155	157	166	168	176	178	185	187	196	198	209	211	226	228	235	237	249	251	258	260	269	271	280	285	293	352	361

5	12	33	41	46	54

62	74	76	84	86	98	100	112	148	157
0	12	44	49
0	12	47	59	66	72
1	10	17	25
1	16	18	27	34	41	44	54	61	66	69	80	87	93	96	105	112	119
1	9
1	17
1	13	20	27
1	10	17	21
1	11	18	23
1	10	17	24
1	12	19	28
1	10	17	24
1	10	17	24
1	9
1	10	17	23
1	4
1	18	25	33
1	14	21	30
1	10	17	22
5	18	48	55
6	20
1	14	16	29	36	41	44	57	64	72	75	86	93	100	103	114	121	128	131	142	149	156	159	174	181	189	192	200	207	213	216	227	234	242	245	256	263	270	273	287	294	302	305	319	326	332	335	346	353	359
1	10	17	25
1	12	19	26	33	45
1	19	26	34
1	7
1	12	19	26
1	14	21	30
1	10
1	12	19	27
1	9	16	23
1	7	14	20
1	9	16	22
1	8	15	26	28	37	44	56
1	14	16	27
1	8	15	22
1	11	18	26	33	45
1	13	60	72	77	89	166	178
1	12	19	24	31	42	47	59	132	143
1	10	17	23	30	39	44	56
1	9	16	23	30	38	43	55	128	136
77	80	97	99
0	8	10	22	26	38
0	8	12	21
0	7	43	45

9	16	42	45	48	56	58	66	117	125
0	12	14	22	73	85
0	8	10	18	64	72
0	12	15	23	94	102	123	135	138	146
13	21	104	116	119	127
32	35	39	46	48	60	107	115	153	165	199	202
0	8	55	63	101	109	143	146
0	12	14	22	70	78	116	128	130	138	173	176
0	8	23	31	48	56	81	89	110	118	141	149

13	20	36	45	66	75	103	111	136	144
0	11	30	38	72	83
0	7	80	89	92	101	119	127
33	41
0	6	35	43	89	95	128	134
0	6	9	17	78	86	99	107
21	27	74	82
0	8	90	96
73	79	82	90	130	138
4	17	47	55	112	125
0	9	11	20	80	88
17	25	123	132
13	20	70	78
64	72
29	38	60	69
93	102
17	26
26	35
0	6	35	41	46	55	122	131
37	46	66	72
72	81	112	121	142	148
0	11	13	26	95	106
0	13	33	38	77	90
57	62	80	93
0	9	75	80	112	121	125	133

0	14	16	24	59	68	160	168
27	36	88	96
0	9	74	82
31	45
49	54
0	15	17	32
20	29	79	94	135	144
6	21	68	77
0	6	8	17	63	69	148	154
0	6	85	90	110	116
0	15	47	56
0	7	20	29	56	63	122	127
0	9	68	77	81	90	179	186
65	74
0	12	99	104	124	131
0	10	14	25	27	38	42	52
37	46	70	81	85	95	136	145
21	30	68	78	107	118
0	8	10	18
18	27	49	57	117	125
18	27	65	73	181	189
18	27	65	73	79	87	115	123	148	156

41	50	171	179	201	210
18	26	50	59
0	9	11	20
0	9	97	106
20	29	49	58
87	96	100	109
41	50	114	123
18	27	53	62
4	17	19	28	83	95	96	108	110	125	148	158
18	27	31	41	68	80	84	99

25	37	41	56	106	118	133	142
0	7	9	16	18	23
16	23	75	84	125	134	197	204
31	38	75	84	204	211

20	29
54	63
53	62

0	9	36	45	97	106	134	143
0	11	49	58	109	118
42	51	93	104
0	11	54	63	114	123
5	14	77	88
18	29	99	108	169	180
0	20	22	30	63	72	105	114	136	145	170	179
38	47	93	101
0	8	41	50	82	91	116	125
57	66	69	77
0	8	45	54
51	60	106	114
70	79	101	109	111	118	120	126	128	133	138	147
5	12	19	28
9	18
15	24

154	163
14	21	66	73	101	110	185	194
31	40	69	71
37	44	119	128	132	139
0	9	11	20	61	70	164	173
0	9	38	47
49	58	60	69
0	13	19	28	108	116
24	33	41	49
24	33	41	49
4	13	36	44	88	97
19	28	71	80	88	97
38	47	55	64
31	40	45	58
17	26	54	66
0	8	12	20	58	67	80	88	105	113
26	35	48	56	73	81
0	6	8	14	85	94
0	9	55	61	133	139
0	6	8	17	80	86
18	27	62	70	107	114
0	9	64	66	70	80
0	10	72	74
28	37	41	49	107	117
0	9	89	98	121	131
111	121
0	10	20	29
66	75	116	125	177	187
57	67	71	80	151	161	187	200	209	219

16	26	30	39
0	9	27	31	33	42	47	49

59	63
58	90	92	106	108	116	118	124	126	135	137	147	149	160	162	165	167	177	179	188	190	198	200	212	214	227	229	237	239	247	252	262
16	20	25	34
11	21	36	40
59	69	73	77
13	23	83	87
0	11	13	21	26	40	53	64	66	74	79	93	151	155	216	226
45	49
0	9	12	21	50	59	62	71	97	107	156	166
44	54	102	112
0	8	10	17	29	43	57	67	127	135	137	144	156	170
54	64	111	119	121	128	140	147
0	13	67	77	81	94
0	10	12	22	40	50
27	37

15	21	23	28	69	75	128	134	276	282

0	7	41	47
0	9	42	47	55	64

0	9	42	47	55	64
13	22	55	60	99	106
0	11	44	49	57	68

0	10	43	50	73	83	172	179	182	192
76	83	87	97
0	11	44	51	55	66	144	151
47	54	58	69

21	28	74	81
51	58	109	116
112	119
32	44	96	103	105	113	115	127	132	144
71	78	152	173	177	209	250	257
36	43	48	59	142	149
44	55
42	53	94	101
26	33

0	14	16	30
42	49	53	67

44	53	55	64	186	193
27	32	42	51	101	108
76	85
31	38
26	33
27	32
32	38	40	45	108	114
0	7	28	33	86	93	186	193
28	36	38	46
51	58	62	70
22	29	80	87
3	18
3	18	44	54
21	31	33	45	47	55	57	64	69	80
30	40	160	170
3	18

67	98	100	102	141	150	163	175


62	65






170	173
















110	113

23	45	75	85
23	24
62	63
52	53	69	79	81	90	92	100	102	116	120	134
30	31	40	50
24	25	41	49
7	17
64	75


58	68


57	67	202	207
27	33	83	93	96	101
0	11

77	88
63	74
117	128
20	31









61	75	125	134	138	147
25	39	85	94	98	107
17	31
0	9	101	115
62	76
0	9	64	78
61	75
69	94
0	25
33	38
0	19	80	85
14	19	24	43
11	16	29	48
12	31	49	61
46	51
72	77

81	86
19	24	40	43	126	131	137	140
36	45	48	55	63	76
12	30	53	60	102	111
18	27	47	53

79	85

0	7	41	50
0	7	57	76
28	37	106	115	126	133
20	33
46	60
121	135	137	140

26	29
39	42	198	206	217	235	236	244
0	3
156	159
12	17	21	27	32	44	46	48

11	23	25	27
62	67	71	77	115	117
12	17	57	59
12	18
19	21

41	43	146	148	150	155	160	166
29	35	93	105
69	81	193	199
64	70
6	12
12	18

49	55
93	99
85	91
97	103

140	146
0	21	23	27	32	39
0	4
4	11	22	26	80	87	91	97	129	135	139	146
6	13	15	19
4	11	15	19	30	35
4	11	15	19	86	93
4	11	15	19	25	32	44	51
4	11	20	26
4	11	15	19
0	7	22	26	65	72
22	29	50	57
0	7
0	4
0	7	15	19
5	9	13	20	86	90	117	124
4	8	12	19	47	54	56	60
18	22	104	111
22	29	50	58
38	50	65	77	79	90	92	103	105	118	122	133	185	192
51	58

59	71	73	84	88	99
68	81	85	96
0	11	15	26	69	81

0	13	17	28	76	94
17	30	34	45	130	142










5	11

21	27

45	51

18	34	78	84



95	101
14	22	26	38
0	12	14	16
116	118
21	41	42	50	91	93
0	2	73	75
15	23	59	61
38	46	95	97
46	48
52	65	157	159
14	24
0	10
43	53

0	10	105	117	133	135

8	13	58	69
0	11	40	50
2	14	70	80
45	55	161	171
18	26	28	30	33	42	56	58
26	34	38	47	88	96	124	133	148	156
10	18	108	116	135	143	163	172
41	49	63	72

0	8	70	79
66	74
80	90
26	34
33	41
0	12	64	72
0	12	25	33
24	36

26	31
192	214
55	60
38	40	42	50	55	76















13	21	24	31	97	108
47	54	58	79	81	89	93	113	187	198	200	202
85	87	135	142	221	229
8	15
8	16	104	111
0	8	102	109
36	44
20	39	43	50
16	35	48	55

29	42	46	53	58	66
0	8	83	90
45	52
34	42
16	29

32	40	76	83
0	12	34	56

61	73	95	117	163	175	200	223
0	11	66	73	76	86
182	193	196	211
75	86



22	32	48	55	230	241
26	37	170	180	184	191
8	19
32	43
37	48
36	47	111	140	141	150	160	178	190	206
18	29

0	9	23	34
20	31	115	133	162	178	207	216	218	236	238	254
62	73	147	153
17	24	57	65
25	44	46	53	85	93


75	82
63	72	76	84
16	24	26	33	124	133	137	145	150	158
23	30

19	30
12	23	25	26	30	56	58	64
21	27
13	19	32	33
45	46	70	76
42	43
49	50	64	70
67	68
26	27	77	83
8	16	40	46
65	73	111	117
32	40
22	28

38	44	99	105
92	98
3	9	93	101	103	109	119	125
3	9
57	65	67	73	85	91
0	6
53	59	88	96
70	78
0	8	86	92
11	26	28	38	40	50	55	64	81	106
64	89
208	223	225	235	237	247	252	261	377	392	394	404	406	415	420	429	434	444	449	457	475	488


0	13	36	65	72	88








98	111	115	133

22	36

13	31	91	108
131	150
45	59

0	9	19	29	40	49	62	71	81	90

6	12	32	38
0	9	13	22
0	9	13	23	38	44
0	9	55	61
129	135	155	161
6	15	53	59
34	43
0	9
10	18	44	55	59	69
40	48	74	85	89	99
0	8
58	69	72	82
0	8	91	102	105	115
8	18	42	48
11	20	56	62
10	19	92	98
18	27	60	66




43	62	70	83	87	95
80	96
13	20	24	32
39	46	94	102
22	29
8	16	141	148
47	54	80	87
14	21	62	70	79	86
17	24	72	80
0	7	11	18
25	32	36	43
0	7	36	43
30	37	41	48	101	108
12	19	32	39
37	44	94	101
11	18	24	31	102	109	146	153

0	30
45	72	74	78	83	113	115	121	160	176	178	182	205	214	218	224
0	7	50	54
81	88

10	14	93	97	113	117	132	139
0	7
28	34	68	75	131	135
0	4	33	40	77	81	92	96
33	42	46	52	67	71	148	154
13	17	22	29	106	110	134	143	147	153
8	23
33	51






33	42	46	54	57	64
77	86	98	106	109	116

19	28	102	110	141	148
19	28	33	41	70	79	84	91
43	52	54	62	67	74	83	107
0	8	34	43
0	9	76	84	111	133
0	7	42	51	61	70	84	91
0	9
33	41	45	52
0	9	14	21
0	9	14	22
0	7	48	57
0	9	43	51	55	77
0	9	30	37	41	49
44	53






3	20	22	34	38	49	67	84


77	86
11	18

183	190	198	204	231	242
0	11
0	6	31	42
0	7	24	30	34	45
0	7	23	29	32	43

10	17
94	101
58	64
92	103	134	140
9	18

24	33	346	355


5	14
0	9	39	45
62	71
25	34
34	40	57	75	78	102
26	44	96	102	104	126
79	97	100	124
16	34	80	104
16	34	74	98	174	196
32	54	57	75	157	181	186	208
21	36	91	113	139	163	221	243
24	39	81	99	149	173
53	68	93	115	196	218	221	239






0	18	27	35
225	232

0	15	107	116

28	49

50	58	62	70
53	61	64	89	116	136	137	145
72	93	133	150
148	156	181	189

57	65	215	223	277	285
46	54	95	103	116	124
75	83	85	102	107	124	161	169	202	210
23	31	61	69	128	136
61	69	71	79	102	110
0	10	56	66
55	65	69	79	93	103

34	44

32	42
24	34

20	30	54	64	86	105	109	126
27	37	112	122
93	103
21	40	44	61	150	160	218	228
100	110
11	21
24	33	161	172
72	81	85	96	102	112
108	117	163	174	178	187
37	46	50	61
0	9
0	9
22	33	78	87
8	17

47	56


86	95
0	11	132	141
12	21
17	26	64	75
0	8	104	111
0	9	18	55	81	86
136	143	167	175	195	202
0	7
0	7	89	97
77	85	114	121

0	7	53	61
14	22	31	38
13	22
43	52
87	96
48	58	62	75
68	81	85	95

54	67
26	36
49	65



11	24	80	90
30	49	58	115
185	210
12	31	54	79	112	123	125	136	138	147	149	159

20	23
21	24

33	36
20	23





20	23

21	24


26	28





152	166

14	27



23	31	81	90
0	17	20	27	48	68

79	88
62	70	114	123
42	51
30	36
34	40
0	12	14	22	24	36	38	46	48	59	64	75

61	73	75	87
0	12	14	25	27	35	37	45	47	59	61	73	75	87	89	100	102	110	112	120	122	133	135	147	152	163	165	177

21	33	35	43	48	59	111	117

0	12	35	46
0	11	33	45
0	12
0	11	31	43
73	79
13	25	30	41	43	55	60	72	77	88	93	105

30	40
53	63
23	31	80	90	133	141	150	154
6	14	66	74
14	19	109	114
44	49	59	69


28	35	62	71

6	15
28	35


53	62

0	6	10	16
35	41	45	51
74	80

93	99
69	80

8	14

21	27	31	37	54	65
27	33	37	43

24	35	39	47
78	90	94	106	153	158	165	172
54	66	70	82
64	72	76	87
81	89
7	18
21	29	32	43


137	148	155	166	168	176
22	30	34	45
16	27	46	55	59	72
68	79	94	103	107	120

3	12	47	58	144	153
26	39	75	86
0	13	67	76	95	108
74	83
0	11	51	60	97	106	168	177
0	11	36	49
49	60	94	103	107	120
8	15	19	27	56	63	65	73	77	88
14	22	26	33	59	66	77	85	99	110

0	14	59	72
49	62
0	7	49	56	101	108
10	17	53	61	90	101
0	8	77	84	86	94	123	134
46	55


11	19	23	34	71	83
62	70	77	88	104	116

38	46	82	93
123	135
60	68	94	106
38	46	71	83	107	118	123	134	141	149
53	65


21	49	138	166


72	81
0	9	42	60	78	97
34	54	56	73	75	82	86	98	102	114



29	38	41	49
36	45	92	100




16	24

18	27
21	29	59	68
131	139


18	27	50	58
83	91	103	112
0	8	52	61
11	19	85	94
0	9
0	9	12	41	46	89
12	37
74	83	121	131
66	75	84	94
49	58	62	72	74	83	136	146
65	75	99	108
46	55	177	187	190	200
86	95	99	109
26	35	137	146
0	9	70	80	84	94
11	20	72	80	133	143
39	48
16	26	83	92	175	185	244	253
24	33
36	45	152	162
12	22	24	33
0	9	106	116	145	155
12	21	75	85
66	76	80	90	154	163
18	61	64	77
23	65	67	71	90	103	131	147	149	150
0	4	47	48
77	85	87	96	99	109
4	12	16	25	64	65	66	74	140	149	184	192
32	41	60	61	62	71
61	70	74	84
85	86
16	24	29	37
104	108
0	8	39	48
17	22
30	35
























0	16
71	87

54	63
74	83	255	264	266	271
8	17	181	216	218	222
70	73
91	100
23	32
70	76	155	164
85	94	172	181
12	21

5	18	67	79
19	33
29	43	81	96
37	50	100	112
8	21	32	44
43	64

8	21
8	21	100	112
36	50	157	169
12	19	25	31	44	52
15	23	55	62	64	73	77	89	102	108	181	187	193	200	203	209	218	230
31	37	97	103	105	112	116	125	153	159	172	184
18	25
40	47
37	44

13	23	27	36
36	46	50	59
164	174
0	9	42	52

98	107
14	24	28	37
131	141	197	206
14	24	28	37
9	19

39	51	63	69
8	25	36	42
0	12
17	23	48	60	143	160
0	6	54	66
19	25	127	139

31	40	50	59
3	16	18	34




8	17	67	77

42	52	56	68	97	106
18	27	63	73	106	116	232	241
78	88	103	112

22	32
112	121
33	42	61	71

17	23	27	34

15	21	24	31
73	79	83	90



44	61	64	80	148	164	229	246
23	33	99	111	201	218
24	34	100	112

27	37






0	8	27	35

0	8	32	49	129	137	198	209	212	221
83	91	110	121	124	133	214	225	228	237
12	27	29	39	43	49
69	82	84	99


36	42	45	55
51	66
28	38
0	10	21	90
54	78	80	89	91	101	106	116
12	22
28	38
24	34

47	57
21	31

21	31
53	63

33	43
39	49
0	13	88	98
34	47	69	79
25	32	113	120	124	134
41	46	50	60	91	101	172	178	231	237
61	71







154	166




18	32
72	86	97	111	122	139
44	58	60	70	72	83	85	94	96	111	113	124	126	137	142	155
40	54

117	130
62	76

66	80
97	106	146	153	155	164	166	173	177	182	204	215
13	22
30	39

14	21	67	81	122	133	232	242	257	268	318	332	362	372	404	418	457	467
30	41	63	70	142	156
42	56	87	97	166	177
72	83
12	18	24	32
0	8	10	12
15	21	32	34

15	26
4	10	47	58	100	102
84	86
0	2
21	27	57	59
56	58
77	83	250	256
25	27
44	55	152	163

39	50
63	74
22	29
25	32	34	38
33	40	104	108
52	56
8	12	77	81
34	38	114	118
22	26
12	19	23	31
0	8	83	90
0	7
0	7
11	20	29	38
0	7	28	37


11	33




0	26	34	42	44	52	56	65

30	44
14	28
32	39	98	111	115	122
37	43
55	62	125	138	142	149
27	40	44	51
22	29	157	170	186	193	273	286
26	33	124	131
27	34	150	163	167	174
29	36	94	107	114	121	181	194	198	205
32	45	49	56
47	90	92	95	100	114
50	53	125	139
17	20	122	130
3	6	71	81	126	136
0	14	20	23	93	101
96	104
0	6
90	96

65	71

61	67

0	6






0	12	16	29	58	60	64	70
88	98	115	117	131	137
15	27	31	44	110	120	157	159	163	169
0	12	25	38	88	90
22	34	53	66	114	116
0	12	45	51
8	21	91	97
27	39	43	56	74	88	92	100	193	199	203	205
18	38


6	32	63	71	73	82	86	94

39	47	51	59	75	84

84	107
19	29	33	46
59	69	73	86



63	68	78	88	92	105
88	101	171	181


18	28	32	45


30	36	38	47
0	9	29	35

30	36	79	85	118	127
6	15	50	56

0	6
0	6
0	9	147	153
18	24	51	60	86	92
0	11	68	71
10	20	21	24	154	157	207	218

11	22


43	46
0	11	46	49

0	11	35	38
23	33
0	11
0	10
20	30
83	86	101	112

8	19	40	48
34	45	89	97
17	28

44	52	134	145
34	53
40	59	61	64	89	101	103	105
19	26	29	31

26	33
12	19
10	17	47	54	94	101	124	131
14	21	29	36	76	83
22	29	37	44	47	49	68	75
10	17	50	57	125	132
10	17	55	62	64	71	74	76
0	10	91	98	101	103	209	212
75	78

65	67
25	37	67	74
5	12	44	56	98	105	127	139
64	71

51	63	80	87
9	17	22	38
39	47
0	16	40	48
29	39	64	72	110	120	189	197
0	8	48	58
45	53
12	20	72	82	126	136	240	248
66	74
51	61	116	124


28	36	59	67	72	89	91	101	106	124
33	41	43	60	64	76	79	89	93	117	123	141
17	25	109	127
50	60	231	239
17	35	103	111
30	38
44	50
25	31
100	106
14	20



4	10



9	16	25	28
26	33	72	92	124	127
16	23	26	29
0	7	59	62
37	62	37	54
45	60	64	77
127	140	187	202


23	29
0	11

9	15
91	103	105	107
67	73
19	25	67	73

34	36
46	49	110	116
17	23

130	136	194	200
91	97	108	120	133	140
0	6

0	12
11	18
0	12	55	61	106	112
16	23
0	7	39	45

40	46
25	34	36	42
74	83	85	91
60	66	99	108	124	130
49	55	121	127
49	55

40	46	82	88
60	66









44	54	58	68	71	77
48	58	66	76	99	123	127	133

14	24	71	81
14	24	28	34
17	27	111	117

0	13



58	71


39	49

58	68



76	88	121	131

52	66	147	157
14	19	23	26
29	34	38	41	226	227	245	246


0	5	41	46
46	49

10	13	51	56	70	75
49	50	66	67	113	118
24	27	44	49

22	27	56	59	89	94	97	100
13	16	160	161
8	16	19	27
30	38	118	126	179	187
11	19	46	54	107	115
32	40	42	50	93	101
32	40	42	50	101	109

9	17	56	64
58	66
53	60	93	101
10	38
3	31	33	38
0	5

40	45
14	19
0	8

89	94
20	25
51	56	151	156

0	9	13	20
0	9	13	20	54	59
0	19
0	19	75	84	116	123
43	48

62	89	96	105
0	9	14	37
23	32	70	78
16	34

40	49

32	41	78	86	92	110
68	77	110	119
0	21


36	57
34	55	63	77	79	89	91	102	104	115	117	132


80	86	106	117

97	103	105	112	120	127	131	142
59	65
82	89



40	46	109	120

51	58	62	74
2	30	32	42	66	73
41	51
61	71	78	89	90	107	109	111
18	20	78	88
21	31	35	37
46	56
113	123
49	51
75	83	117	124
24	31
21	28
0	7

0	7
90	97
5	12
141	148
10	17
9	27
55	62	64	75	77	96	101	134	136	140

22	33	63	70	102	124	126	128
26	37	65	72	120	124	171	178	184	186

85	96
12	21	100	115	125	134

26	35

12	21	43	52	56	63	96	105	130	140	144	151
9	19	23	30
7	16	40	50
38	47	50	60	64	71













0	8
30	38	64	72	124	132	167	175	200	208	262	270
19	27	86	94
79	87	119	127	157	165	224	232	289	297
17	25	66	74
17	25	92	104
32	40	74	98	122	130	152	159	165	172
92	100
65	73	132	140
20	28

74	82
0	8
8	16
74	82
61	69	85	105
18	24	28	36
36	42
26	32
3	11
26	32	62	70	207	215

20	26
54	60
22	35

46	59


21	34

9	22

18	31
23	36
16	28	53	66
19	25	29	39	94	107
62	69	118	131


81	87	91	101
11	24	78	84	88	98
72	85
38	48	156	167	171	182	185	196	201	209
77	88	97	105
109	120	144	154
13	22	26	35
83	92	127	135
8	17
0	9	74	83
0	9
0	9
29	38
51	60	85	94	99	108
58	67	92	101	106	115
43	52	71	80	85	94
22	32
27	36	73	82
0	13
31	44
0	13

16	22
80	95









35	71








27	35	57	63
3	17	30	39	43	55
25	31
91	99	102	115	120	126

93	99	103	130
17	23
