


0	6	32	39	ME
41	49	98	103	ME


26	39	80	88	ME
39	47	50	63	EF



19	23	28	35	AD
47	57	86	94	ME
47	57	86	94	ME


19	27	31	42	AD





























42	54	289	296	EF	56	82	289	296	EF	56	82	305	322	EF	84	92	289	296	EF	84	92	305	322	EF	94	105	289	296	EF	94	105	305	322	EF	107	114	289	296	EF	107	114	305	322	EF	116	127	289	296	EF	116	127	305	322	EF	129	139	289	296	EF	129	139	305	322	EF	141	149	289	296	EF	141	149	305	322	EF	151	160	289	296	EF	162	170	289	296	EF	172	181	289	296	EF
67	74	78	86	EF
0	7	30	40	ME	0	7	42	50	ME	0	7	55	63	ME
4	11	47	58	AD	4	11	63	80	AD

38	53	212	222	EF	38	53	239	246	EF	212	222	239	246	EF
53	60	64	90	AD

10	17	52	60	ME
19	27	61	68	AD	19	27	72	80	AD	61	68	72	80	AD

13	20	45	56	ME
95	102	106	117	AD

9	16	64	71	ME
80	87	112	119	AD
13	20	54	65	ME
69	76	80	91	AD
120	135	153	163	EF


16	26	54	64	AD
21	31	61	71	AD
87	97	101	109	EF
36	46	64	72	ME	36	46	119	127	ME
16	26	31	39	AD
19	29	58	67	ME


55	65	69	77	EF
17	25	29	39	AD
63	73	77	86	EF
17	26	30	40	AD
57	65	110	118	ME	67	77	110	118	ME

2	28	107	117	AD
85	98	130	145	ME	85	98	149	162	ME

65	80	111	121	ME	84	97	111	121	ME
24	34	60	75	ME	24	34	79	92	ME


13	20	36	60	AD	13	20	62	65	AD	13	20	112	118	ME	13	20	123	132	AD
9	15	78	85	AD
0	7	29	40	EF	0	7	42	48	EF




31	40	49	59	ME
17	27	31	42	AD	17	27	74	89	AD	31	42	74	89	AD
11	22	57	77	EF	11	22	81	87	EF

0	16	46	49	ME	0	16	55	61	ME	46	49	55	61	ME

103	111	183	191	ME	103	111	206	217	ME







55	70	74	82	ME
29	37	79	94	AD

0	8	42	48	IN	0	8	57	62	IN	262	270	303	311	EF	290	298	303	311	EF
0	12	75	117	EF	31	36	75	117	EF
57	62	80	92	AD


19	24	65	71	AD	53	61	65	71	AD
35	41	46	50	EF








75	80	112	121	EF	75	80	125	141	EF



41	50	54	58	AD
25	30	62	68	ME
47	53	110	116	ME	110	116	151	159	ME

10	16	54	58	AD



102	106	133	140	AD



36	40	45	52	AD	36	40	68	75	AD	45	52	68	75	AD
60	66	195	203	EF	150	162	195	203	EF
109	117	144	154	EF

0	15	38	55	EF
0	19	114	128	EF
0	20	106	112	ME

0	19	90	103	ME
7	14	46	66	ME



4	18	34	44	IN


0	10	63	80	AD	0	10	82	89	AD	0	10	155	164	AD	0	10	168	179	AD
0	10	26	38	IN	0	10	40	55	IN	0	10	57	59	IN	0	10	61	65	IN	0	10	70	76	IN
0	9	22	30	ME	0	9	90	98	ME

31	40	45	53	AD

0	6	73	81	AD	0	6	85	105	AD
0	25	76	96	EF	28	51	76	96	EF

0	7	30	36	EF	0	7	38	49	EF	0	7	58	71	EF
0	12	48	54	AD
169	175	179	205	EF
38	51	104	114	EF






83	97	145	151	EF

54	68	80	94	EF	54	68	97	108	EF

33	47	57	76	AD	33	47	78	101	AD	33	47	105	127	AD







5	12	66	83	IN	14	25	66	83	IN	146	157	194	202	ME	146	157	206	218	ME



0	8	44	57	EF

0	12	43	54	EF
0	6	32	40	ME
0	8	45	65	EF

4	13	29	49	EF




4	13	17	23	AD

56	65	86	99	ME	56	65	102	117	ME

18	27	32	45	AD	18	27	48	63	AD










52	67	125	140	AD





28	37	90	105	AD	28	37	108	121	AD	39	61	108	121	AD
0	6	40	51	EF

38	44	70	91	ME	38	44	93	107	ME	38	44	109	121	ME	38	44	123	139	ME	38	44	141	149	ME	38	44	152	165	ME	38	44	170	183	ME	38	44	185	194	ME	38	44	196	207	ME	38	44	209	219	ME






46	63	67	77	EF
35	47	95	112	ME	35	47	137	154	AD	49	57	95	112	ME	49	57	137	154	AD	62	69	95	112	ME	62	69	137	154	AD
11	24	65	82	ME	28	39	65	82	ME
19	36	60	66	AD
0	17	58	64	EF
64	73	86	103	EF
0	6	46	60	AD
11	28	35	48	EF
52	64	90	104	EF

0	14	30	44	IN	0	14	46	73	IN	0	14	80	89	IN	0	14	91	99	IN	0	14	101	115	IN	0	14	117	129	IN	0	14	131	140	IN	0	14	142	153	IN	0	14	156	164	IN	0	14	166	175	IN	0	14	177	190	IN	0	14	197	211	IN	0	14	219	234	IN	0	14	236	252	IN	0	14	265	272	IN	0	14	274	291	IN	0	14	316	321	IN	0	14	331	344	IN	0	14	351	364	IN	0	14	366	377	IN

15	21	94	104	EF
0	11	44	61	EF

12	25	91	108	EF
35	48	60	66	EF	35	48	68	76	EF	35	48	78	86	EF	35	48	88	96	EF	35	48	100	112	EF





10	19	71	80	EF	36	48	71	80	EF



20	27	89	97	EF



16	23	83	97	EF	16	23	105	116	EF

19	53	94	99	EF
17	26	62	75	EF

15	24	103	116	EF	39	60	103	116	EF

34	42	80	98	EF

4	16	68	75	EF	4	16	79	86	EF
105	117	171	183	AD
60	73	127	136	AD
15	24	40	48	ME


0	9	38	50	EF	0	9	77	89	EF
38	43	63	76	AD	38	43	79	89	AD
15	20	25	31	EF	15	20	39	52	EF









4	12	100	106	ME	4	12	115	121	ME	47	54	100	106	ME	58	70	100	106	ME



26	35	39	45	ME

0	6	112	118	ME
15	21	25	36	ME

121	127	165	171	AD	175	181	185	196	AD

84	91	135	141	ME








17	25	55	62	AD	17	25	83	91	AD	17	25	94	103	AD	17	25	115	123	AD	28	37	55	62	AD	28	37	83	91	AD	28	37	94	103	AD	28	37	115	123	AD	28	37	126	135	AD	55	62	83	91	AD	55	62	94	103	AD	55	62	115	123	AD

64	72	193	209	AD	64	72	211	228	AD	64	72	230	254	AD	64	72	259	278	AD
11	22	148	156	ME	24	32	148	156	ME	34	42	148	156	ME	44	55	148	156	ME	57	67	148	156	ME	71	82	148	156	ME








19	29	133	141	EF	19	29	146	153	EF	19	29	155	164	EF	19	29	168	175	EF	19	29	178	185	EF	19	29	187	194	EF	19	29	196	207	EF	19	29	209	220	EF	19	29	224	233	EF




57	69	177	186	EF	57	69	221	230	EF	71	85	177	186	EF	71	85	221	230	EF	87	95	177	186	EF	87	95	221	230	EF	97	115	177	186	EF	97	115	221	230	EF	118	134	177	186	EF


48	55	105	114	EF	57	65	105	114	EF	238	252	414	423	ME

129	140	233	244	ME

20	34	83	94	ME	20	34	127	138	ME	36	44	83	94	ME	36	44	127	138	ME	46	58	83	94	ME	46	58	127	138	ME	60	72	83	94	ME	60	72	127	138	ME




22	29	47	53	AD	31	42	47	53	AD
7	19	84	96	AD
5	23	63	72	EF	100	121	139	148	AD
12	24	55	62	ME	12	24	64	70	ME	12	24	73	81	ME	12	24	86	89	ME
18	29	33	46	EF
15	27	36	49	EF
36	44	129	140	EF
15	26	57	65	AD








35	41	92	102	ME

42	48	60	72	AD	42	48	74	81	AD	42	48	110	117	AD
44	50	92	99	EF
42	49	81	93	AD
0	7	50	57	ME	0	7	149	156	ME
108	115	128	154	AD


21	35	82	102	EF
33	47	89	96	AD


0	9	39	50	EF	0	9	52	57	EF	13	21	52	57	EF




84	91	106	116	EF	84	91	123	137	EF	84	91	139	151	EF	84	91	153	162	EF	84	91	164	173	EF	84	91	175	184	EF	84	91	186	196	EF	84	91	198	205	EF	84	91	210	229	EF	84	91	232	240	EF	84	91	247	253	EF	84	91	260	270	EF	84	91	272	283	EF	84	91	288	296	EF
32	39	131	144	EF	32	39	146	160	EF	32	39	171	196	EF	32	39	236	249	ME	32	39	295	336	EF	32	39	389	397	EF	32	39	400	412	EF	171	196	295	336	EF	171	196	389	397	EF	171	196	400	412	EF
24	32	68	75	EF	35	47	68	75	EF

64	71	83	95	EF


5	30	108	120	EF	32	45	108	120	EF	47	57	108	120	EF	59	67	108	120	EF	71	79	108	120	EF


98	110	128	134	ME

3	10	31	37	EF




8	19	82	98	ME






0	12	61	71	ME






0	12	61	71	ME


66	73	108	121	EF	66	73	128	134	EF	66	73	136	144	EF	66	73	146	160	EF	66	73	164	180	EF
5	16	38	45	EF
55	82	228	249	AD

34	41	113	130	ME	34	41	141	148	ME
19	26	30	37	AD



14	24	28	31	ME
121	128	163	174	AD	121	128	177	196	AD
94	96	127	146	ME
25	32	37	50	EF	25	32	174	190	AD	174	190	234	241	EF

41	55	98	117	ME
33	46	69	76	AD
32	39	49	70	AD







87	95	140	150	ME	87	95	179	189	ME	97	109	140	150	ME	114	123	140	150	ME




5	40	73	79	AD	5	40	81	101	AD
0	21	79	104	AD	0	21	107	130	AD	0	21	148	169	AD

95	106	151	162	ME	123	129	151	162	ME


0	6	29	43	ME








12	19	48	54	ME	12	19	86	93	AD	86	93	110	116	AD
0	11	75	84	EF





0	29	58	71	EF


26	36	97	104	ME


4	14	72	79	AD


4	32	62	79	ME
17	20	95	98	EF



19	28	38	57	EF	19	28	143	157	EF


4	21	103	114	ME	74	81	103	114	ME
56	72	172	181	ME	79	90	172	181	ME	94	103	172	181	ME	107	126	172	181	ME	133	144	172	181	ME	148	161	172	181	ME






0	15	85	100	EF
62	72	88	95	EF
127	136	141	156	EF







27	38	91	110	EF	27	38	114	120	EF	40	45	91	110	EF	40	45	114	120	EF
0	11	36	43	EF	0	11	52	67	EF










19	38	42	49	AD
64	75	173	184	ME	64	75	186	195	ME	64	75	206	209	ME



247	258	263	274	AD	247	258	314	323	AD	247	258	325	338	AD	247	258	340	348	AD	247	258	350	361	AD	247	258	363	372	AD	247	258	374	383	AD	247	258	385	393	AD	247	258	395	404	AD	247	258	406	418	AD	247	258	421	432	AD
16	22	48	51	AD	16	22	177	188	AD	48	51	177	188	AD
37	55	109	115	ME	63	76	109	115	ME


17	23	27	34	AD
74	82	97	99	ME



72	89	169	176	AD




71	80	124	129	ME
8	16	48	53	AD	153	161	178	183	AD
61	66	163	168	AD
63	68	112	117	AD	112	117	187	192	AD




59	64	82	105	EF
26	50	118	128	EF	57	68	118	128	EF	70	81	118	128	EF





0	9	63	72	ME

68	74	132	142	AD
130	136	151	164	EF	130	136	167	195	EF

27	33	37	48	ME





0	18	152	157	AD	0	18	160	174	AD	29	40	152	157	AD	29	40	160	174	AD	42	55	152	157	AD	42	55	160	174	AD	57	70	152	157	AD	57	70	160	174	AD	72	84	152	157	AD	72	84	160	174	AD	88	101	152	157	AD	88	101	160	174	AD


20	28	141	145	EF
72	79	137	147	AD
2	10	88	92	AD

20	32	45	53	ME



103	109	113	124	EF

6	13	41	47	EF





38	48	71	83	ME

16	22	27	50	EF

32	46	100	125	EF	32	46	127	130	EF

20	35	58	81	EF

0	12	100	125	EF	0	12	127	130	EF	32	46	100	125	EF	32	46	127	130	EF

20	35	58	81	EF
0	10	58	82	AD


34	58	127	134	EF	34	58	143	153	EF

34	42	80	98	EF


0	7	35	46	ME



5	52	85	99	AD


76	82	114	120	ME
25	31	89	95	AD
4	11	15	25	EF

127	137	144	155	AD	127	137	175	193	AD	144	155	175	193	AD







155	164	455	465	ME	222	228	455	465	ME	330	343	455	465	ME	345	355	455	465	ME	357	368	455	465	ME	370	388	455	465	ME	393	406	455	465	ME



71	89	159	172	EF	100	111	203	209	EF	113	126	203	209	EF	128	141	203	209	EF	143	155	203	209	EF	159	172	203	209	EF

33	38	128	148	AD	33	38	155	162	AD


98	107	170	175	AD



5	10	14	20	AD

35	47	94	108	ME	35	47	133	146	AD	49	57	94	108	ME	49	57	133	146	AD	61	68	94	108	ME	61	68	133	146	AD
11	24	65	79	ME	28	39	65	79	ME
19	32	56	62	AD
0	14	55	61	EF
64	73	86	99	EF
0	6	46	60	AD
11	25	32	45	EF
52	65	91	105	EF

35	55	59	82	EF	124	142	164	184	EF



40	60	64	87	EF
14	26	56	76	EF
72	92	96	122	EF
28	48	52	63	ME
29	41	45	65	ME

0	11	44	51	AD	0	11	53	62	AD
7	14	62	81	AD	7	14	83	110	AD	7	14	117	132	AD	7	14	134	146	AD	7	14	209	214	AD


0	16	71	84	EF
25	36	77	90	EF
27	37	42	55	ME


25	34	54	61	EF
49	56	214	225	AD	49	56	228	234	AD

65	72	102	109	EF
0	7	119	145	EF

25	36	62	75	EF	25	36	86	92	EF


35	46	74	88	EF	35	46	90	104	EF	35	46	108	115	EF

0	12	58	72	EF	16	37	58	72	EF
0	15	53	62	EF	0	15	64	75	EF	0	15	77	85	EF	0	15	89	105	EF
0	12	26	37	IN	0	12	39	45	IN	0	12	54	66	IN	0	12	80	90	IN


51	59	63	75	EF
15	28	130	135	AD	88	97	130	135	AD


2	7	31	38	AD


23	28	85	94	AD	23	28	96	107	AD	23	28	109	116	AD	23	28	118	126	AD	23	28	128	135	AD	23	28	140	148	AD

18	23	28	41	ME




23	34	59	69	ME	23	34	129	147	ME
26	36	166	177	AD	95	105	166	177	AD



34	40	191	198	EF	44	62	191	198	EF	101	107	191	198	EF	109	120	191	198	EF	125	133	191	198	EF
37	43	77	86	ME

15	24	58	67	EF

22	35	78	87	ME



20	32	75	85	ME



32	42	85	91	ME




38	45	77	82	EF

63	74	157	166	ME
77	88	231	264	ME
56	79	124	149	EF
7	21	30	53	EF	90	113	138	152	EF	90	113	161	187	EF	90	113	215	225	EF
25	31	66	80	EF	25	31	130	144	EF	33	49	66	80	EF






0	10	63	73	AD	0	10	118	128	AD

27	37	77	87	ME
46	56	98	108	ME	46	56	125	135	ME


55	66	88	98	ME	55	66	129	140	ME
26	36	57	69	ME	26	36	97	104	ME


74	83	96	106	ME	74	83	110	119	ME	96	106	110	119	ME

88	100	105	115	AD	88	100	118	127	AD

33	45	60	72	AD




41	53	100	109	EF

0	6	90	102	ME	15	24	90	102	ME


0	10	33	50	EF
0	10	48	64	EF	0	10	70	86	EF
0	9	66	75	ME	0	9	77	86	ME	0	9	88	96	ME	0	9	98	113	ME	0	9	115	123	ME	0	9	125	138	ME	0	9	140	147	ME	0	9	149	156	ME	0	9	158	169	ME	0	9	182	196	ME
31	40	53	66	ME




0	10	96	104	EF	0	10	106	118	EF	0	10	122	128	EF



0	11	45	58	EF	0	11	67	77	EF	0	11	79	87	EF	0	11	89	100	EF	0	11	102	116	EF	0	11	118	131	EF	0	11	136	147	EF
131	140	144	153	EF

31	40	44	48	AD

68	91	95	102	EF	68	91	106	141	EF	68	91	145	152	EF	95	102	145	152	EF
79	88	93	117	EF	79	88	119	127	EF





13	29	42	50	AD











11	24	69	76	EF



20	21	112	126	ME	20	21	128	138	ME	20	21	140	154	ME	20	21	156	166	ME

37	43	122	131	AD

37	47	52	58	AD



0	9	64	72	EF
15	24	42	46	AD




5	18	22	50	EF	5	18	52	64	EF	5	18	90	107	EF	5	18	111	124	EF	22	50	90	107	EF	22	50	111	124	EF	52	64	90	107	EF	52	64	111	124	EF

24	30	88	100	AD
18	30	120	126	EF
13	19	22	34	EF

0	11	61	71	ME
15	25	69	75	AD
18	29	33	41	EF
0	5	49	52	AD

27	32	65	73	AD


0	13	37	48	EF	0	13	50	60	EF	0	13	65	75	EF
185	196	223	234	ME

21	36	93	105	EF	21	36	106	113	EF	93	105	106	113	EF
37	44	71	83	AD
0	15	48	56	ME
13	28	82	90	ME

0	11	27	38	ME	0	11	88	99	ME









0	8	32	43	EF	0	8	45	55	EF	0	8	60	70	EF
185	196	223	234	ME

66	75	150	160	AD	89	109	150	160	AD	115	131	150	160	AD	134	145	150	160	AD
0	14	21	31	ME
18	37	97	132	EF	18	37	134	138	EF	18	37	146	155	EF	18	37	157	167	EF	18	37	169	178	EF	18	37	180	189	EF	64	78	97	132	EF	64	78	134	138	EF	64	78	146	155	EF	64	78	157	167	EF	64	78	169	178	EF	64	78	180	189	EF	64	78	284	294	EF	97	132	284	294	EF	134	138	284	294	EF	146	155	284	294	EF	157	167	284	294	EF	169	178	284	294	EF	180	189	284	294	EF
26	36	42	45	AD
19	24	68	79	ME	19	24	81	92	ME	19	24	94	107	ME	19	24	109	118	ME	19	24	120	128	ME	19	24	130	139	ME	19	24	141	150	ME	19	24	152	160	ME	19	24	162	171	ME	19	24	173	185	ME	19	24	187	198	ME	19	24	212	220	ME

19	24	60	72	ME	19	24	74	82	ME	19	24	84	96	ME	19	24	98	105	ME	19	24	107	115	ME	19	24	117	126	ME	19	24	128	140	ME	19	24	166	174	ME





32	52	124	131	EF	54	60	124	131	EF	65	73	124	131	EF	75	83	124	131	EF	91	99	124	131	EF

36	41	87	116	AD


10	15	64	73	AD


16	27	52	63	ME




0	13	212	217	EF	21	27	212	217	EF	31	49	212	217	EF	91	109	212	217	EF	111	122	212	217	EF	127	146	212	217	EF






37	46	69	80	ME






0	10	34	41	ME
0	10	34	45	ME

0	10	37	44	ME	0	10	84	93	ME
0	10	34	45	ME

73	84	107	117	EF

31	42	74	84	ME

27	38	42	52	AD
102	112	116	127	ME	102	112	146	157	ME

27	38	42	52	AD
33	58	173	183	AD	69	79	173	183	AD	81	93	173	183	AD	98	107	173	183	AD	111	122	173	183	AD	127	138	173	183	AD
53	64	100	110	ME	68	81	100	110	ME
8	19	56	66	ME

27	37	42	55	AD	27	37	57	68	AD	27	37	72	85	AD	182	192	202	221	AD	182	192	232	243	AD
40	50	55	66	IN
29	40	68	81	EF

52	63	131	139	ME
0	10	56	67	EF	0	10	69	75	EF	0	10	77	90	EF	0	10	95	103	EF






0	12	44	55	ME
30	42	46	64	AD


0	13	38	51	EF	0	13	58	69	EF	0	13	71	81	EF	0	13	83	89	EF	0	13	91	97	EF


28	53	184	194	AD	60	69	184	194	AD	71	80	184	194	AD	84	97	184	194	AD

41	47	77	97	AD

68	78	97	104	AD
15	32	41	54	EF

54	60	122	130	ME
0	6	35	40	ME	0	6	70	75	EF





29	35	45	59	AD	29	35	81	91	AD

8	16	35	41	EF	8	16	45	51	EF


4	12	23	36	ME	4	12	55	64	EF	23	36	55	64	EF
0	3	44	57	AD	0	3	59	68	AD	0	3	70	73	AD	0	3	77	84	AD

82	89	93	100	EF
51	58	71	84	AD

21	28	60	71	AD
0	7	95	106	ME	16	49	95	106	ME





16	25	43	51	ME
0	9	25	41	EF	0	9	44	51	EF
0	11	44	52	ME
0	11	54	62	ME


35	46	114	125	EF	35	46	127	134	EF	35	46	136	144	EF	35	46	146	157	EF	35	46	162	172	EF
46	55	85	96	ME


0	11	42	72	EF	0	11	82	88	EF	0	11	90	101	EF	0	11	103	111	EF	0	11	113	130	EF	0	11	132	140	EF	0	11	145	158	EF
12	31	119	130	EF	39	46	119	130	EF	50	73	119	130	EF

19	26	36	56	EF





27	36	40	55	EF


73	82	87	95	EF

267	275	304	320	EF
28	41	79	86	ME
27	38	84	101	EF
134	140	158	190	EF

5	18	119	132	EF	5	18	139	150	EF	104	110	119	132	EF	104	110	139	150	EF








16	29	146	159	EF	16	29	205	217	EF	88	131	146	159	EF	88	131	205	217	EF

















18	29	33	44	IN
0	11	15	26	EF	0	11	30	55	EF	15	26	30	55	EF






0	11	43	52	IN	0	11	56	62	IN	15	26	43	52	IN	15	26	56	62	IN


14	23	38	49	EF


0	10	114	121	ME
10	20	30	37	ME

33	42	77	87	AD












11	15	91	93	EF	11	15	101	105	EF













0	7	78	87	EF
4	14	48	55	EF









0	2	25	34	EF











0	14	35	45	EF







43	50	58	65	EF





0	9	13	22	ME	0	9	53	61	ME	13	22	53	61	ME





19	32	80	88	ME	19	32	93	103	ME	80	88	93	103	AD


44	53	74	84	EF


21	30	48	58	EF	21	30	93	102	EF	48	58	93	102	EF




























11	13	16	25	EF












44	52	103	113	AD


25	44	48	58	IN
40	59	102	112	EF
16	25	29	39	ME


77	86	90	101	AD


44	54	67	76	EF


27	37	41	50	EF












17	25	30	39	AD









0	6	35	38	ME
1	7	48	51	ME




110	118	122	130	EF



31	39	43	51	EF



141	149	160	168	EF







97	104	108	120	ME



25	37	53	65	EF	25	37	69	76	EF	53	65	69	76	EF
18	35	39	53	EF





4	21	59	61	EF	4	21	99	114	EF

















19	27	32	41	EF
39	47	52	61	EF




23	26	37	45	EF	23	26	50	59	EF

52	60	69	78	EF



72	88	111	117	EF















0	8	17	25	ME
35	43	56	64	EF
14	22	36	44	EF	14	22	47	50	IN
17	25	125	133	EF

0	8	37	45	EF	0	8	59	67	EF	0	8	154	157	EF



21	27	95	97	EF





0	5	64	74	EF	54	59	64	74	EF

0	8	43	57	EF






49	63	75	83	EF	49	63	146	160	EF	49	63	170	184	EF

42	56	61	69	EF



















17	24	98	106	EF	17	24	122	139	EF	17	24	181	189	EF
0	8	69	76	ME
39	47	68	75	ME
33	40	73	81	EF
