


0	6	32	39	ME
41	49	98	103	ME


26	39	80	88	ME
39	47	50	63	EF



19	23	28	35	AD
47	57	86	94	ME


21	29	116	127	ME
19	27	31	42	AD





























289	296	305	322	EF
67	74	78	86	EF
0	7	30	40	ME	0	7	42	50	ME	0	7	55	63	ME
4	11	47	80	AD
87	94	98	124	EF
212	222	239	246	EF
53	60	64	90	AD

10	17	52	60	ME
61	68	72	80	AD

13	20	45	56	ME
95	102	106	117	AD

9	16	64	71	ME
80	87	112	119	AD
13	20	54	65	ME
69	76	80	91	AD
120	135	153	163	EF

68	75	146	156	ME
16	26	54	64	AD
21	31	61	71	AD
87	97	101	109	EF
36	46	64	72	ME
16	26	31	39	AD
19	29	58	67	ME


55	65	69	77	EF
17	25	29	39	AD
63	73	77	86	EF
17	26	30	40	AD
57	65	67	77	ME
12	20	75	85	EF
2	28	107	117	AD
0	10	36	51	ME	0	10	56	69	ME


24	34	60	75	ME	24	34	79	92	ME


13	20	36	60	AD	13	20	62	65	AD	13	20	73	85	AD	13	20	87	93	AD	13	20	96	110	AD	13	20	112	118	AD	13	20	123	132	AD	13	20	134	139	AD
9	15	78	85	AD
0	7	29	40	EF	0	7	42	48	EF




31	40	49	59	ME
17	27	74	89	AD	31	42	74	89	AD
11	22	57	77	EF	11	22	81	87	EF

0	16	46	64	ME









55	70	74	82	ME
29	37	79	94	AD

0	8	42	48	IN	0	8	57	62	IN	0	8	89	99	IN	0	8	164	175	IN	0	8	205	214	IN	0	8	262	270	IN	0	8	346	360	IN	0	8	454	468	IN	290	298	303	311	EF	488	496	500	514	EF
31	36	75	117	EF
57	62	80	92	AD
35	41	113	121	ME

19	24	65	71	AD	53	61	65	71	AD
35	41	46	50	EF

42	55	92	100	ME






75	80	112	121	EF	75	80	125	141	EF



41	50	54	58	AD
25	30	62	68	ME
110	116	151	159	ME

10	16	54	58	AD



102	106	133	140	AD



36	40	45	52	AD
150	162	195	203	EF
109	117	144	154	EF
58	77	79	88	EF	58	77	90	117	EF	58	77	124	132	EF	58	77	135	148	EF	58	77	150	168	EF	58	77	175	188	EF	58	77	191	205	EF	58	77	207	219	EF	58	77	221	238	EF	58	77	245	254	EF	58	77	257	264	EF	58	77	268	275	EF	58	77	277	297	EF	58	77	299	322	EF
0	15	38	55	EF
0	19	114	128	EF
0	20	106	112	ME

0	19	90	103	EF
7	14	46	66	ME

52	61	150	167	AD	52	61	176	186	AD	52	61	188	201	AD	52	61	208	220	AD	52	61	222	239	AD	52	61	250	261	AD	52	61	264	287	AD	52	61	296	309	AD	52	61	320	326	AD

4	18	34	44	IN


0	10	63	80	EF	0	10	82	89	EF	0	10	131	153	EF	0	10	155	164	EF	0	10	168	179	EF
0	10	26	38	IN	0	10	40	55	IN	0	10	57	59	IN	0	10	61	65	IN	0	10	70	76	IN
0	9	22	30	ME

31	40	45	53	AD
19	27	50	61	ME
73	81	85	105	EF
0	25	76	96	EF	28	51	76	96	EF

0	7	30	36	EF	0	7	38	49	EF	0	7	58	71	EF

45	51	55	67	AD	169	175	179	205	EF
38	51	104	114	EF






34	40	83	97	EF	83	97	145	151	EF

54	68	80	94	EF	54	68	97	108	EF

33	47	57	76	AD	33	47	78	101	AD	33	47	105	127	AD


0	7	88	102	EF	30	38	88	102	EF	40	50	88	102	EF




5	12	66	83	AD	14	25	66	83	AD	146	157	194	202	ME	146	157	206	218	ME



0	8	44	57	EF

0	12	43	54	EF
0	6	32	40	ME
0	8	45	65	EF

4	13	29	49	EF

32	42	49	58	AD


4	13	17	23	AD

56	65	86	99	ME	56	65	102	117	ME

18	27	32	45	AD	18	27	48	63	AD
















28	37	90	105	AD	28	37	108	121	AD	39	61	90	105	AD
0	6	40	51	EF

38	44	70	91	ME	38	44	93	107	ME	38	44	109	121	ME	38	44	123	139	ME	38	44	141	149	ME	38	44	152	165	ME	38	44	170	183	ME	38	44	185	194	ME	38	44	196	207	ME	38	44	209	219	ME




53	63	67	84	ME

46	63	67	77	EF
35	47	95	112	ME	35	47	137	154	AD	49	57	95	112	ME	49	57	137	154	AD	62	69	95	112	ME	62	69	137	154	AD
11	24	65	82	ME	28	39	65	82	ME

0	17	58	64	ME
64	73	86	103	EF
0	6	46	60	AD

52	64	90	104	EF

0	14	46	54	IN	0	14	61	73	IN	0	14	80	89	IN	0	14	91	99	IN	0	14	101	115	IN	0	14	117	129	IN	0	14	131	140	IN	0	14	142	153	IN	0	14	156	164	IN	0	14	166	175	IN	0	14	177	190	IN	0	14	197	211	IN	0	14	219	234	IN	0	14	236	252	IN	0	14	265	272	IN	0	14	274	309	IN	0	14	316	321	IN	0	14	323	328	IN	0	14	331	344	IN	0	14	351	364	IN	0	14	366	377	IN

15	21	94	104	EF	30	57	94	104	EF
0	11	44	61	EF

12	25	68	87	EF	12	25	91	108	EF
35	48	60	66	EF	35	48	68	76	EF	35	48	78	86	EF	35	48	88	96	EF	35	48	100	112	EF
14	27	149	175	AD
52	58	62	75	ME	62	75	159	171	ME


18	31	104	110	AD
10	19	71	80	EF	36	48	71	80	EF
27	32	56	76	AD


20	27	89	97	EF



16	23	83	97	EF	16	23	105	116	EF

0	10	94	99	EF	19	53	94	99	EF
17	26	62	75	EF
0	10	64	73	EF
15	24	103	116	EF

34	42	80	98	EF

4	16	68	75	EF	4	16	79	86	EF


15	24	40	48	ME


0	9	38	50	ME	0	9	77	89	EF
38	43	63	76	AD	38	43	79	89	AD
15	20	25	31	EF	15	20	39	52	EF

61	70	118	128	ME







4	12	100	106	ME	47	54	100	106	ME	58	70	100	106	ME



26	35	39	45	ME

40	66	147	153	ME
15	21	25	36	ME

83	94	165	171	ME	175	181	185	196	AD

84	91	135	141	ME
0	6	65	75	ME	0	6	77	86	ME	0	6	88	96	ME	0	6	98	109	ME	0	6	114	137	ME





0	8	74	81	ME
0	9	85	92	ME
17	25	55	62	AD	28	37	55	62	AD

64	72	193	209	AD	64	72	211	228	AD	64	72	230	254	AD	64	72	259	278	AD
11	22	148	156	ME	24	32	148	156	ME	34	42	148	156	ME	44	55	148	156	ME	57	67	148	156	ME	71	82	148	156	ME

55	63	169	177	ME	67	76	169	177	ME


54	61	149	157	ME	63	75	149	157	ME	80	88	149	157	ME



19	29	133	141	EF	19	29	146	153	EF	19	29	155	164	EF	19	29	168	175	EF	19	29	178	185	EF	19	29	187	194	EF	19	29	196	207	EF	19	29	209	220	EF	19	29	224	233	EF


33	42	44	60	EF

57	69	177	186	EF	71	85	177	186	EF	87	95	177	186	EF	97	115	177	186	EF	118	134	177	186	EF


11	40	105	114	EF	48	55	105	114	EF	57	65	105	114	EF	70	78	105	114	EF	238	252	357	365	ME	238	252	367	376	ME	238	252	378	387	ME	238	252	389	400	ME	238	252	402	412	ME	238	252	414	423	ME	238	252	428	436	ME

129	140	233	244	ME	142	153	233	244	ME	155	166	233	244	ME

20	34	83	94	ME	36	44	83	94	ME	46	58	83	94	ME	60	72	83	94	ME



24	30	63	70	ME
22	29	47	53	AD	31	42	47	53	AD
7	19	84	96	AD
100	121	139	148	AD
12	24	55	62	ME	12	24	64	70	ME	12	24	73	81	ME	12	24	86	89	ME
18	29	33	46	EF
15	27	36	49	EF
36	44	129	140	EF
15	26	57	65	AD








35	41	92	102	ME
56	62	103	109	EF
42	48	60	72	AD	110	117	157	167	ME
44	50	92	99	EF
42	49	81	93	AD
0	7	50	57	ME
108	115	128	154	AD


21	35	82	102	EF
33	47	89	96	AD







57	77	106	116	IN	57	77	123	137	IN	57	77	139	151	IN	57	77	153	162	IN	57	77	164	173	IN	57	77	175	184	IN	57	77	186	196	IN	57	77	198	205	IN	57	77	210	229	IN	57	77	232	240	IN	57	77	247	253	IN	57	77	260	270	IN	57	77	272	283	IN	57	77	288	296	IN	84	91	106	116	IN	84	91	123	137	IN	84	91	139	151	IN	84	91	153	162	IN	84	91	164	173	IN	84	91	175	184	IN	84	91	186	196	IN	84	91	198	205	IN	84	91	210	229	IN	84	91	232	240	IN	84	91	247	253	IN	84	91	260	270	IN	84	91	272	283	IN	84	91	288	296	IN
32	39	131	144	EF	32	39	146	160	EF	32	39	171	196	EF	310	336	389	397	EF	310	336	400	412	EF
24	32	68	75	EF	35	47	68	75	EF




5	30	108	120	EF	32	45	108	120	EF	47	57	108	120	EF	59	67	108	120	EF	71	79	108	120	EF


98	110	128	134	EF

3	10	31	37	EF




8	19	82	98	ME








96	108	142	152	AD	111	118	142	152	AD






96	108	142	152	AD	111	118	142	152	AD
66	73	108	121	EF	66	73	128	134	EF	66	73	136	144	EF	66	73	146	160	EF	66	73	164	180	EF
5	16	38	45	EF
55	82	228	249	AD	89	99	228	249	AD	101	110	228	249	AD	112	122	228	249	AD	126	138	228	249	AD

34	41	113	121	ME	34	41	123	130	ME
19	26	30	37	AD




121	128	163	174	AD	121	128	177	196	AD

25	32	37	50	AD	25	32	174	190	AD

41	55	98	117	ME
33	46	69	76	AD
32	39	49	70	AD







87	95	140	150	ME	87	95	179	189	ME	97	109	140	150	ME	97	109	179	189	ME	114	123	140	150	ME	114	123	179	189	ME
233	243	308	315	EF



5	40	73	79	AD	5	40	81	101	AD
0	21	79	104	AD	0	21	107	130	AD

123	129	151	162	ME

95	107	161	167	ME
0	6	29	43	ME








12	19	48	54	ME	86	93	110	116	AD
0	11	75	84	EF


11	14	88	95	ME


14	29	58	71	EF


26	36	97	104	ME


4	14	72	79	AD
89	96	135	145	AD

22	32	62	79	ME




19	28	38	57	EF


74	83	103	114	ME
56	72	172	181	ME	79	90	172	181	ME	94	103	172	181	ME	107	126	172	181	ME	133	144	172	181	ME	148	161	172	181	ME



25	46	75	88	EF


0	15	85	100	EF
62	72	88	95	EF
127	136	141	156	EF







27	38	91	110	AD	27	38	114	120	AD	40	45	91	110	AD	40	45	114	120	AD
0	11	36	43	EF	0	11	52	67	EF








84	103	130	137	EF	114	125	130	137	EF

19	38	42	49	AD
64	75	173	184	ME	64	75	186	195	ME	64	75	206	209	ME



54	65	86	97	ME	247	258	263	274	AD	247	258	314	323	AD	247	258	325	338	AD	247	258	340	348	AD	247	258	350	361	AD	247	258	363	372	AD	247	258	374	383	AD	247	258	385	393	AD	247	258	395	404	AD	247	258	406	418	AD	247	258	421	432	AD
16	22	177	188	AD
37	55	63	76	ME	63	76	109	115	ME


17	23	27	34	AD
74	82	97	106	ME



55	61	169	176	AD	72	83	169	176	AD
28	34	57	67	ME



71	80	124	129	ME
153	161	178	183	AD
61	66	163	168	AD
112	117	187	192	AD




59	64	82	105	EF
26	50	118	128	EF	57	68	118	128	EF	70	81	118	128	EF





0	9	63	72	ME

68	74	132	142	AD
130	136	151	164	EF	130	136	167	195	EF

27	33	37	48	ME





0	18	152	157	AD	29	40	152	157	AD	42	55	152	157	AD	57	70	152	157	AD	72	84	152	157	AD	88	101	152	157	AD


20	28	141	145	EF
72	79	137	147	EF
2	10	88	92	AD








132	138	165	175	ME	132	138	177	189	ME
68	78	82	91	IN





16	22	27	50	IN
0	11	76	84	EF	25	35	76	84	EF
32	59	100	125	EF	32	59	127	130	EF

20	35	58	81	EF
0	11	76	84	EF	25	35	76	84	EF
32	59	100	125	EF	32	59	127	130	EF

20	35	58	81	EF
0	10	58	82	AD




34	42	80	98	EF


0	7	35	46	ME



5	52	85	99	AD

90	116	137	143	IN	254	260	273	299	AD
76	82	114	120	ME	207	241	303	309	ME	252	258	303	309	ME
25	31	89	95	AD
4	11	15	25	EF

144	155	175	193	EF





11	20	124	134	ME

155	164	257	267	ME	166	175	257	267	ME	177	185	257	267	ME	187	197	257	267	ME	199	207	257	267	ME	209	217	257	267	ME	222	228	257	267	ME	330	343	455	465	ME	345	355	455	465	ME	357	368	455	465	ME	370	388	455	465	ME	393	406	455	465	ME



71	89	203	209	EF	100	111	203	209	EF	113	126	203	209	EF	128	141	203	209	EF	143	155	203	209	EF	159	172	203	209	EF

33	38	128	148	AD	33	38	155	162	AD	33	38	221	246	AD


98	107	170	175	AD


52	57	135	146	ME


35	47	94	108	ME	35	47	133	146	ME	49	57	94	108	ME	49	57	133	146	ME	61	68	94	108	ME	61	68	133	146	ME
11	24	65	79	ME	28	39	65	79	ME

0	14	55	61	ME
64	73	86	99	EF
0	6	46	60	AD
11	25	32	45	EF
52	65	91	105	EF

35	55	59	82	EF	124	142	164	184	ME



40	60	64	87	EF
14	26	56	76	ME
72	92	96	122	EF
28	48	52	63	EF
29	41	45	65	ME


7	14	62	81	AD	7	14	83	105	AD	7	14	117	132	AD	7	14	134	146	AD	7	14	182	189	AD


0	16	71	84	EF
25	36	77	90	EF
27	37	42	55	ME
30	37	138	146	EF	30	37	151	158	EF	30	37	160	169	EF	30	37	174	181	EF


49	56	195	209	AD	49	56	214	225	AD	49	56	228	234	AD




25	36	62	75	EF	25	36	86	92	EF




0	12	58	72	EF	16	37	58	72	EF
0	15	53	62	EF	0	15	64	75	EF	0	15	77	85	EF	0	15	89	105	EF



51	59	63	75	EF
15	28	88	97	ME	15	28	130	135	AD


2	7	31	38	AD


23	28	85	94	AD	23	28	96	107	AD	23	28	109	116	AD	23	28	118	126	AD	23	28	128	135	AD	23	28	140	148	AD

18	23	28	41	ME

31	37	91	100	ME	31	37	148	153	ME


23	34	129	139	ME




34	40	191	198	EF	44	62	191	198	EF	101	107	191	198	EF	109	120	191	198	EF	125	133	191	198	EF
37	43	77	86	ME
0	9	61	70	ME
15	24	58	67	EF

22	35	78	87	ME



20	32	75	85	ME



32	42	85	91	ME








56	79	124	149	IN
90	113	138	152	EF	90	113	161	187	EF	90	113	190	208	EF	90	113	215	225	EF

2	8	48	62	AD





0	10	63	73	AD

27	37	77	87	ME
46	56	98	108	IN


55	66	187	197	ME
26	36	57	69	ME	97	104	125	137	ME


74	83	96	106	IN	74	83	110	119	IN

88	100	105	115	AD	88	100	118	127	AD
11	18	301	323	ME	36	44	301	323	ME





41	53	100	117	EF

0	6	46	53	EF	15	29	46	53	EF


0	10	33	50	EF
0	10	48	64	EF
0	9	66	75	ME	0	9	77	86	ME	0	9	88	96	ME	0	9	98	113	ME	0	9	115	123	ME	0	9	125	138	ME	0	9	140	147	ME	0	9	149	156	ME	0	9	158	169	ME	0	9	182	196	ME



53	59	67	73	EF	53	59	77	91	EF

0	10	96	104	AD	0	10	106	118	AD	0	10	122	128	AD



0	11	45	58	IN	0	11	67	77	IN	0	11	79	87	IN	0	11	89	100	IN	0	11	102	116	IN	0	11	118	131	IN	0	11	136	147	IN
131	140	144	153	EF

31	40	44	48	IN

68	91	95	102	EF	106	141	145	152	EF
79	88	93	117	EF	79	88	119	127	EF
102	108	140	150	ME



0	13	46	62	IN	17	26	46	62	IN






26	33	72	83	AD








32	33	81	90	ME
20	21	112	126	ME	20	21	128	138	ME	20	21	140	154	ME	20	21	156	166	ME

37	43	122	131	AD
24	30	63	73	ME
37	47	52	58	AD



0	9	64	72	EF
15	24	42	46	AD
43	51	93	103	EF	43	51	107	115	EF



42	50	90	107	EF	42	50	111	124	EF	52	64	90	107	EF	52	64	111	124	EF



13	19	22	34	EF

0	11	61	71	ME
15	25	69	75	AD
18	29	33	41	EF


27	32	65	73	AD


0	13	37	48	EF	0	13	50	60	EF	0	13	65	75	EF


21	36	106	113	EF

0	15	48	56	ME
13	28	82	90	ME

0	11	27	38	ME

19	27	102	114	ME	31	37	102	114	ME







0	8	32	43	EF	0	8	45	55	EF	0	8	60	70	EF


66	75	150	160	AD	89	109	150	160	AD	115	131	150	160	AD	134	145	150	160	AD
0	14	21	31	ME
18	37	64	78	AD	97	132	284	294	EF	134	138	284	294	EF	146	155	284	294	EF	157	167	284	294	EF	169	178	284	294	EF	180	189	284	294	EF
26	36	42	45	AD
19	24	68	79	ME	19	24	81	92	ME	19	24	94	107	ME	19	24	109	118	ME	19	24	120	128	ME	19	24	130	139	ME	19	24	141	150	ME	19	24	152	160	ME	19	24	162	171	ME	19	24	173	185	ME	19	24	187	198	ME

19	24	60	72	ME	19	24	74	82	ME	19	24	84	96	ME	19	24	98	105	ME	19	24	107	115	ME	19	24	117	126	ME	19	24	128	140	ME





32	52	124	131	EF	54	60	124	131	EF	65	73	124	131	EF	75	83	124	131	EF	85	99	124	131	EF

36	41	87	116	AD


10	15	64	73	AD

65	72	76	81	AD
16	27	52	63	ME




0	13	212	217	EF	21	27	212	217	EF	31	49	212	217	EF	91	109	212	217	EF	111	122	212	217	EF



81	91	148	157	ME	93	108	148	157	ME	112	125	148	157	ME




33	44	78	87	ME




0	10	34	41	ME
0	10	34	45	ME
102	112	116	123	EF
0	10	37	44	ME	0	10	84	93	ME


73	84	107	117	EF

31	42	74	84	ME

27	38	42	52	AD
102	112	116	127	ME

27	38	42	52	AD
33	58	173	183	AD	69	79	173	183	AD	81	93	173	183	AD	98	107	173	183	AD
53	64	100	110	ME	68	81	100	110	ME


27	37	42	55	AD	27	37	57	68	AD	27	37	72	85	AD	182	192	202	221	AD	182	192	232	243	AD

29	40	68	81	EF


0	10	56	67	EF




0	9	14	40	EF

0	12	44	55	ME
30	42	46	64	AD

15	23	35	47	IN	15	23	53	66	IN	15	23	68	76	IN	15	23	78	101	IN	25	32	35	47	IN	25	32	53	66	IN	25	32	68	76	IN	25	32	78	101	IN
0	13	38	51	EF	0	13	58	69	EF	0	13	71	81	EF	0	13	83	89	EF	0	13	91	97	EF

45	54	74	80	EF	45	54	86	96	EF	56	69	74	80	EF	56	69	86	96	EF
28	53	184	194	ME	60	69	184	194	ME	71	80	184	194	ME	84	97	184	194	ME

41	47	77	97	AD

68	78	97	104	AD
15	32	41	54	EF

20	25	42	48	ME	111	118	178	183	ME	122	130	178	183	ME
0	6	35	40	ME
20	25	46	57	ME




29	35	45	59	AD	29	35	81	91	AD

8	16	35	41	EF	8	16	45	51	EF
38	41	59	69	EF	38	41	71	79	EF	38	41	92	106	EF	38	41	115	129	EF	38	41	136	162	EF	38	41	176	190	EF

4	12	23	36	EF
0	3	44	57	AD	0	3	59	68	AD	0	3	70	73	AD	0	3	77	84	AD

82	89	93	100	EF
51	58	71	84	AD

21	28	60	71	AD
0	7	95	106	ME	16	49	95	106	ME

17	28	119	129	ME
20	31	218	225	AD	72	87	218	225	AD	92	103	218	225	AD	105	114	218	225	AD	118	137	218	225	AD	142	153	218	225	AD	155	168	218	225	AD	172	183	218	225	AD	186	196	218	225	AD


16	25	43	51	ME
0	9	25	41	IN	0	9	44	51	IN
0	11	44	52	ME
0	11	54	62	ME	0	11	92	100	ME


35	46	114	125	EF	35	46	127	134	EF	35	46	136	144	EF	35	46	146	157	EF	35	46	162	172	EF
46	55	85	96	ME
49	62	139	150	ME	64	75	139	150	ME	77	88	139	150	ME	90	99	139	150	ME

0	11	42	72	EF	0	11	82	88	EF	0	11	90	101	EF	0	11	103	111	EF	0	11	113	130	EF	0	11	132	140	EF	0	11	145	158	EF
12	31	119	130	EF	39	46	119	130	EF	50	73	119	130	EF

19	26	36	56	EF

117	124	230	236	ME	117	124	238	249	ME	117	124	251	261	ME	117	124	263	270	ME	117	124	272	281	ME	117	124	283	291	ME	117	124	295	303	ME



27	36	40	55	EF

30	39	98	110	ME
73	82	87	95	ME

0	8	267	275	IN	0	8	304	320	IN	0	8	450	460	IN	0	8	503	521	IN
28	41	79	86	ME
27	38	84	101	ME
134	140	158	190	EF
74	80	84	102	AD
104	110	119	132	EF	104	110	139	150	EF






184	227	229	274	EF
306	349	351	396	EF
3	48	88	131	EF
250	293	295	340	EF
86	131	153	196	EF








15	26	75	86	ME














0	11	43	52	ME	0	11	56	62	ME	0	11	87	98	ME	0	11	114	127	ME	15	26	43	52	ME	15	26	56	62	ME	15	26	87	98	ME	15	26	114	127	ME


14	23	71	81	EF


0	10	114	121	ME


33	42	77	87	AD










78	82	86	92	EF

91	97	101	105	EF

0	7	38	51	EF


49	62	118	125	EF








0	7	78	87	EF	0	7	115	124	EF	0	7	152	161	EF	0	7	189	201	EF
4	14	48	55	EF
0	7	25	34	EF	0	7	36	45	EF	0	7	47	56	EF	0	7	58	70	EF	0	7	74	84	EF








0	2	25	34	EF


45	53	71	80	EF










0	3	58	70	EF	0	3	73	91	EF





43	50	58	65	EF





0	9	53	61	ME	13	22	53	61	ME



71	79	106	124	AD	71	79	131	140	AD	71	79	144	153	AD

19	32	80	88	AD





21	30	48	58	EF







23	31	136	147	ME




















16	25	53	63	EF

13	21	35	50	EF




115	123	127	137	EF










16	25	29	39	ME
0	11	34	44	ME

43	53	77	86	AD	43	53	90	101	AD








16	26	30	39	EF





72	84	127	136	IN






0	6	68	74	ME	0	6	78	85	ME
23	29	38	41	ME





0	6	28	38	ME
1	7	44	51	ME
45	51	97	103	ME	45	51	118	121	ME

29	37	41	49	IN





31	39	43	51	EF
22	30	41	49	EF
86	94	153	161	EF

141	149	160	168	EF









62	74	78	89	EF

25	37	53	65	EF	25	37	69	76	EF






4	21	99	114	EF






21	29	32	42	EF

20	28	38	47	EF








19	27	32	41	EF
39	47	52	61	EF





69	77	115	124	EF
52	60	69	78	EF


27	38	59	65	EF





30	33	73	93	EF









0	5	9	19	EF
0	8	17	25	EF
35	43	56	64	EF

17	25	125	133	EF
46	54	73	81	EF










54	59	64	74	EF

0	8	43	57	EF






49	63	75	83	EF
44	58	76	84	EF
42	56	61	69	EF








27	36	38	46	EF

66	75	77	85	EF

17	26	91	97	EF	28	35	91	97	EF






17	24	98	106	EF
0	8	69	76	ME
39	47	68	75	ME
33	40	73	81	EF
