









27	39	44	50	EF
21	27	31	44	AD
59	65	94	101	AD







19	28	33	43	ME



14	24	42	56	EF




0	19	149	156	ME	26	33	149	156	ME	110	116	149	156	ME	118	127	149	156	ME
0	7	46	52	ME




28	36	75	82	ME	75	82	117	125	ME

0	27	81	99	EF	35	43	81	99	EF
19	28	33	54	AD
68	93	97	122	EF

37	67	70	103	EF

0	5	14	22	ME	0	5	59	67	ME


53	58	91	99	ME
63	68	88	96	AD

0	12	41	60	EF


0	12	40	50	ME
0	12	38	46	ME
0	12	51	61	EF
0	12	22	28	ME
0	12	16	32	EF
0	12	23	34	ME

19	28	33	41	ME


82	90	94	100	ME
47	55	107	119	EF



32	40	89	97	EF
18	26	66	74	AD

79	90	94	103	EF
29	40	45	53	AD
12	20	44	52	ME
23	31	35	47	EF
52	59	88	96	AD	75	83	88	96	AD













35	42	80	96	EF	46	68	80	96	EF

26	33	43	60	EF	26	33	71	76	EF






0	6	86	94	EF	10	18	86	94	EF

8	16	36	44	EF
12	20	37	51	EF	12	20	58	65	EF	12	20	69	80	EF
20	34	49	57	AD	20	34	73	81	AD
0	8	32	43	EF
19	27	57	68	EF

20	28	122	134	EF

0	9	42	46	AD	11	21	42	46	AD	23	32	42	46	AD



93	105	137	147	ME
27	38	109	128	ME


11	30	123	132	ME





58	72	212	220	EF	74	85	212	220	EF	104	112	212	220	EF	144	154	212	220	EF	175	186	212	220	EF	188	199	212	220	EF


107	115	119	138	EF	107	115	153	163	EF	107	115	165	176	EF	107	115	178	186	EF	107	115	190	204	EF


143	151	155	169	EF
120	134	138	146	EF
8	22	44	52	EF	267	279	340	348	EF	288	304	340	348	EF
131	143	193	226	EF












































11	20	61	71	ME


18	24	86	96	ME	33	50	86	96	ME
90	96	133	146	EF	90	96	153	164	EF	90	96	166	178	EF	90	96	180	186	EF	90	96	207	217	EF


53	81	137	143	ME	172	183	188	194	ME
0	9	31	37	ME



37	45	83	96	AD



19	28	36	44	ME
19	30	60	68	ME
48	59	64	72	ME




15	23	46	55	ME
22	29	76	79	AD	22	29	83	103	AD





28	38	70	83	ME	28	38	87	98	ME

109	119	205	218	AD	109	119	221	232	AD

31	41	81	89	ME


69	84	156	165	ME
30	45	49	59	ME

51	61	65	81	EF


148	164	168	178	AD
94	103	133	143	EF	106	116	133	143	EF

47	62	166	176	EF	71	85	166	176	EF

15	28	61	71	ME	78	88	92	105	ME
61	71	75	88	EF
31	42	93	109	ME




66	75	150	154	AD	89	109	150	154	AD	115	131	150	154	AD	134	145	150	154	AD
45	55	80	90	ME

43	59	88	92	AD

44	48	191	203	EF	55	64	191	203	EF	66	76	191	203	EF	78	87	191	203	EF	89	98	191	203	EF
26	30	36	39	AD
28	38	42	50	ME

18	28	56	67	ME
76	87	181	191	AD	89	97	181	191	AD	102	113	181	191	AD




0	10	24	32	ME
27	35	39	49	AD
27	35	73	92	AD	27	35	96	105	AD


0	11	25	33	ME
23	31	35	46	AD
18	26	59	72	AD	18	26	74	86	AD	18	26	88	105	AD	18	26	107	118	AD	18	26	123	134	AD




22	30	114	122	EF	22	30	124	135	EF	22	30	140	150	EF









3	17	102	124	EF	3	17	126	140	EF	3	17	142	156	EF	3	17	158	164	EF	28	37	102	124	EF	28	37	126	140	EF	28	37	142	156	EF	28	37	158	164	EF
36	45	155	164	ME	49	59	155	164	ME



189	198	203	212	ME
18	29	70	79	ME
22	35	76	85	ME
363	372	389	397	IN	363	372	399	407	IN	363	372	409	428	IN	363	372	435	446	IN	363	372	450	463	IN
69	78	95	104	IN	69	78	108	117	IN
24	38	105	114	IN	24	38	116	127	IN	24	38	129	138	IN	24	38	140	150	IN	24	38	155	164	IN	48	57	105	114	IN	48	57	116	127	IN	48	57	129	138	IN	48	57	140	150	IN	48	57	155	164	IN








34	40	210	217	EF	44	62	210	217	EF	101	119	210	217	IN	121	132	210	217	EF	136	144	210	217	EF




26	32	36	72	EF	110	119	168	178	ME
26	32	36	44	EF
57	66	94	100	AD	57	66	107	115	AD
32	41	72	101	AD


54	59	79	105	AD
4	12	49	85	EF

0	6	36	44	AD

35	69	131	134	EF	35	69	136	152	EF	35	69	156	172	EF
14	20	24	59	AD
5	16	20	45	EF	5	16	56	62	EF








0	7	34	46	ME

0	16	38	45	EF	0	16	49	56	EF
28	30	88	99	EF	28	30	101	108	EF	28	30	112	126	EF

0	9	59	61	ME
27	36	68	70	EF

51	72	239	254	EF	79	90	239	254	EF	92	108	239	254	EF	110	122	239	254	EF	124	137	239	254	EF	139	150	239	254	EF	154	166	239	254	EF
0	17	40	46	ME	0	17	48	54	ME
25	31	43	60	AD
0	17	48	57	ME
26	35	57	74	AD










29	38	47	55	ME


53	62	98	114	AD
0	21	23	32	ME









22	31	43	51	AD

















































16	19	21	23	EF
54	57	70	74	AD








31	46	65	79	EF
38	61	79	93	EF
0	9	54	77	ME
51	74	100	109	EF
25	48	140	149	ME
61	84	88	97	ME

69	81	95	110	EF
61	73	75	94	EF

0	14	51	63	EF	18	30	51	63	EF	32	35	51	63	EF


20	32	65	73	EF

45	57	112	122	EF
151	160	188	200	EF



24	36	87	109	EF	24	36	116	127	EF

89	101	105	125	EF


26	40	123	133	EF	42	54	123	133	EF	56	67	123	133	EF	71	83	123	133	EF


0	9	45	54	ME






0	8	93	102	ME

0	9	110	119	ME
0	9	94	103	ME
28	37	41	49	EF
18	27	31	39	ME


32	41	53	61	EF
85	94	98	106	AD

6	16	30	36	EF








0	9	105	111	EF

66	76	152	161	ME

0	9	187	198	ME

65	73	134	143	EF	75	83	134	143	EF	85	92	134	143	EF	94	102	134	143	EF	106	115	134	143	EF
42	51	68	77	ME



74	80	84	93	EF
43	49	53	62	EF







57	65	93	103	AD
19	29	33	41	ME
0	7	47	54	AD


27	37	63	69	AD	27	37	71	79	AD	27	37	81	94	AD	27	37	98	108	AD



16	29	81	94	ME	16	29	98	105	ME
0	13	67	79	ME

39	51	124	145	EF






















39	51	124	145	EF	39	51	147	153	EF	39	51	156	163	EF	39	51	165	178	EF	39	51	180	191	EF	39	51	193	205	EF	39	51	207	220	EF	39	51	223	238	EF	39	51	240	253	EF	39	51	265	272	EF	39	51	274	282	EF	39	51	285	297	EF	39	51	299	310	EF	39	51	312	323	EF	39	51	325	335	EF	39	51	337	347	EF	39	51	353	366	EF	39	51	368	378	EF	39	51	380	388	EF	39	51	390	399	EF	39	51	402	409	EF	39	51	451	458	EF	39	51	460	473	EF
34	46	101	107	EF
























































34	46	101	107	EF	34	46	110	120	EF	34	46	122	139	EF	34	46	141	150	EF	34	46	152	167	EF	34	46	169	179	EF	34	46	181	190	EF	34	46	192	205	EF	34	46	208	221	EF	34	46	223	234	EF	34	46	236	245	EF	34	46	247	256	EF	34	46	258	267	EF	34	46	269	275	EF	34	46	277	291	EF	34	46	293	301	EF	34	46	323	332	EF	34	46	334	343	EF	34	46	373	386	EF	34	46	388	397	EF	34	46	399	406	EF	34	46	425	433	EF	34	46	435	446	EF	34	46	448	468	EF	34	46	480	490	EF	34	46	492	504	EF	34	46	506	515	EF	34	46	517	531	EF	34	46	533	545	EF	34	46	547	556	EF	34	46	558	583	EF	34	46	585	597	EF	34	46	599	606	EF	34	46	608	619	EF	34	46	621	635	EF	34	46	637	650	EF	34	46	652	665	EF	34	46	667	678	EF	34	46	680	688	EF	34	46	710	727	EF	34	46	729	739	EF	34	46	741	749	EF	34	46	751	757	EF	34	46	759	768	EF	34	46	771	781	EF	34	46	783	796	EF	34	46	798	809	EF	34	46	822	829	EF	34	46	831	842	EF	34	46	844	854	EF	34	46	856	870	EF	34	46	872	883	EF	34	46	885	900	EF	34	46	942	955	EF
4	17	54	71	ME	4	17	76	86	ME	4	17	90	103	ME
11	24	63	71	ME	121	133	137	145	ME
76	95	276	289	EF	136	142	276	289	EF	151	185	276	289	EF	187	198	276	289	EF	200	215	276	289	EF	217	226	276	289	EF	228	234	276	289	EF
70	81	85	107	AD



77	87	107	117	EF	138	148	163	181	AD	138	148	204	214	AD	138	148	216	226	AD	138	148	228	237	AD	138	148	239	250	AD	138	148	255	263	AD
125	151	154	165	EF

71	89	159	172	EF	113	126	203	208	EF	128	141	203	208	EF	143	155	203	208	EF	159	172	203	208	EF
47	58	79	94	AD


0	12	47	59	AD
112	119	193	206	AD	112	119	208	214	AD	112	119	216	227	AD	112	119	229	235	AD	112	119	237	245	AD	112	119	247	257	AD
0	23	77	85	EF



70	78	82	92	EF

5	17	74	86	AD	5	17	111	127	AD	5	17	132	148	AD






0	9	45	56	ME	0	9	60	70	ME
18	27	96	104	ME



30	39	71	83	ME	120	129	153	165	ME
7	19	80	89	AD
14	26	60	69	ME
0	9	83	100	ME
5	22	148	157	AD	71	88	148	157	AD

109	120	280	289	ME
19	26	162	171	AD
167	177	248	257	ME
19	28	113	128	ME	19	28	137	149	ME
27	40	63	72	EF
23	32	59	72	AD
10	19	37	45	ME
52	60	177	186	AD	68	82	177	186	AD	104	113	177	186	AD	115	123	177	186	AD

0	9	27	35	ME	0	9	67	75	ME





40	49	82	93	AD	40	49	95	106	AD	40	49	108	117	AD	40	49	119	132	AD	40	49	134	147	AD	40	49	149	157	AD	40	49	159	168	AD
37	45	93	102	AD

28	37	85	92	ME	28	37	108	116	ME	28	37	158	167	ME

36	45	96	107	ME

32	41	92	99	ME


67	76	152	160	ME

45	54	127	136	ME

0	28	78	87	AD


0	13	217	225	EF	68	96	217	225	EF	103	136	217	225	EF	138	143	217	225	EF	149	155	217	225	EF
12	26	142	148	AD


24	38	123	140	EF	40	52	123	140	EF	54	65	123	140	EF	68	75	123	140	EF	79	87	123	140	EF
66	94	148	160	EF	102	105	148	160	EF	108	124	148	160	EF
96	108	113	141	AD
0	6	98	123	AD	0	6	125	148	AD	19	32	98	123	AD	19	32	125	148	AD	98	123	203	220	EF	125	148	203	220	EF





0	33	52	58	EF	35	47	52	58	EF
0	12	48	60	EF







27	36	40	47	EF

34	43	48	65	EF	34	43	67	79	EF	34	43	89	102	EF

84	90	120	139	AD	84	90	143	149	AD

31	42	85	106	EF




26	38	62	73	ME
22	33	91	102	ME	47	55	91	102	ME	57	66	91	102	ME	70	79	91	102	ME
31	42	85	96	ME

31	42	47	58	AD



46	57	62	70	ME
87	95	100	111	AD


32	44	81	92	ME
4	16	26	37	AD

4	16	54	65	AD





64	70	82	88	AD

20	27	103	117	AD	20	27	120	131	AD	20	27	172	180	AD	20	27	183	195	AD
41	46	78	89	EF
53	64	69	74	AD
17	23	47	56	EF	17	23	58	71	EF	17	23	76	89	EF
0	6	33	39	EF
0	14	45	51	EF
0	20	103	109	EF	22	35	103	109	EF	37	51	103	109	EF	64	71	103	109	EF
35	41	91	119	AD

0	12	23	29	ME
15	23	46	52	EF
0	10	23	30	EF
22	28	61	68	AD

32	40	78	95	EF

0	21	62	69	EF
0	11	76	84	EF
34	44	101	109	AD
59	70	105	113	AD
56	67	103	114	EF




31	39	141	149	AD


18	26	85	94	AD	18	26	96	105	AD	18	26	110	118	AD
26	35	57	67	ME	38	47	57	67	ME



12	23	27	34	ME


74	83	87	98	ME
36	47	51	60	EF

27	38	42	48	ME

115	126	130	141	ME
37	48	58	70	ME	37	48	92	104	ME	37	48	108	123	ME
51	63	79	90	AD





28	52	157	168	AD	28	52	170	183	AD	28	52	188	197	AD











27	34	38	43	ME
14	21	73	78	AD



52	59	68	76	EF






52	59	68	76	EF	52	59	78	87	EF	52	59	89	97	EF	52	59	106	116	EF	52	59	131	145	EF	52	59	149	158	EF	52	59	160	166	EF	52	59	168	176	EF	52	59	183	194	EF	52	59	199	207	EF

24	38	136	143	EF
0	7	60	74	AD
4	11	15	25	EF	191	201	226	233	EF
123	130	134	144	AD
5	16	36	54	AD
0	8	68	81	AD	0	8	92	99	AD	0	8	103	113	AD
0	8	36	48	AD	0	8	50	54	AD	0	8	56	64	AD





0	12	44	57	EF
16	29	34	40	EF	16	29	42	65	EF	16	29	67	78	EF	16	29	87	117	EF
4	23	51	76	EF
28	37	96	111	EF	39	50	96	111	EF	52	60	96	111	EF	65	81	96	111	EF
0	28	48	63	IN
45	59	83	91	EF
0	7	37	51	ME	37	51	58	63	ME
57	68	82	92	ME
17	28	32	42	AD

53	89	123	134	EF


19	28	60	71	EF
25	36	86	95	AD

96	107	111	118	AD
15	24	28	35	EF

27	38	78	89	ME	27	38	91	103	ME	27	38	105	114	ME	27	38	116	125	ME	27	38	127	135	ME	27	38	137	147	ME	27	38	149	157	ME	27	38	159	167	ME	27	38	169	177	ME	27	38	179	188	ME	27	38	190	201	ME	27	38	223	231	ME	27	38	233	244	ME	27	38	246	261	ME	27	38	264	273	ME
21	29	82	93	ME	32	42	82	93	ME









0	9	50	57	AD	0	9	59	71	AD	0	9	73	82	AD	0	9	84	93	AD	0	9	97	106	AD

40	47	68	75	EF



















20	27	62	73	ME	20	27	77	96	ME





20	28	176	183	EF
84	91	149	156	AD

23	48	90	106	EF



98	110	128	134	ME

3	10	31	37	EF


0	9	67	89	EF	20	32	67	89	EF
28	41	61	77	EF	43	52	61	77	EF
0	10	26	38	IN	0	10	45	51	IN	0	10	54	68	IN	0	10	75	87	IN	0	10	95	105	IN	0	10	112	121	IN	0	10	125	133	IN	0	10	136	156	IN	0	10	158	161	IN	0	10	209	221	IN	0	10	224	235	IN	0	10	242	250	IN	0	10	253	264	IN	0	10	282	298	IN


34	54	106	131	EF
0	5	43	55	AD
0	11	45	61	EF
0	11	34	57	EF

0	16	64	75	ME
0	11	27	33	IN	0	11	35	46	IN	0	11	49	65	IN	0	11	113	119	IN	0	11	121	134	IN	0	11	136	141	IN	0	11	146	150	IN	0	11	153	161	IN






47	67	169	175	ME





0	15	101	121	EF	19	43	101	121	EF
0	16	76	96	EF



34	42	80	92	EF

56	68	72	80	AD	97	108	178	186	AD
32	49	76	104	AD
101	129	140	156	EF

58	70	88	98	EF












57	68	202	211	ME	70	81	202	211	ME	83	94	202	211	ME	96	106	202	211	ME
12	19	106	115	ME	21	29	106	115	ME	31	43	106	115	ME
27	35	47	57	ME

27	37	42	50	AD
121	127	165	195	EF	131	143	165	195	EF
26	38	87	93	AD	26	38	96	102	AD
12	25	51	57	EF	12	25	60	72	EF	29	35	51	57	EF	29	35	60	72	EF

181	198	220	230	EF

5	11	49	68	AD	5	11	74	88	AD	14	26	49	68	AD	14	26	74	88	AD
1	26	102	108	AD	1	26	111	123	AD	29	42	102	108	AD	29	42	111	123	AD
23	29	41	61	ME	23	29	70	77	ME
21	27	63	84	AD	21	27	144	156	AD

27	41	186	203	EF	27	41	210	219	EF	27	41	224	237	EF	27	41	246	259	EF	27	41	261	284	EF	27	41	293	307	EF	27	41	317	325	EF	27	41	335	348	EF	89	96	186	203	EF	89	96	210	219	EF	89	96	224	237	EF	89	96	246	259	EF	89	96	261	284	EF	89	96	293	307	EF	89	96	317	325	EF	89	96	335	348	EF
0	5	34	52	AD
52	60	147	152	EF	63	74	147	152	EF
95	100	150	158	AD
0	5	30	50	AD	0	5	91	108	AD	0	5	127	142	AD	0	5	144	152	AD	0	5	157	171	AD	0	5	173	181	AD	0	5	194	213	AD	0	5	221	232	AD
15	22	55	60	ME






18	24	37	46	AD	37	46	91	97	AD
10	19	69	75	EF

64	71	76	82	EF	64	71	84	91	EF	64	71	93	105	EF











14	31	41	47	AD







142	149	181	191	ME

10	31	110	117	EF


12	19	78	90	ME
30	37	41	53	AD
19	26	61	73	ME

19	28	32	39	ME
26	35	39	46	AD

40	47	51	59	AD
19	26	61	69	ME

0	7	61	78	ME

32	39	54	65	ME

46	53	88	98	ME

0	7	57	63	ME	0	7	108	117	ME	0	7	121	132	ME

30	36	78	85	AD
28	35	93	102	ME	28	35	124	133	ME


19	23	27	41	AD	19	23	101	120	AD

71	84	142	155	EF
19	25	29	43	AD	19	25	103	122	AD


0	8	75	91	EF
19	32	76	92	EF	39	46	76	92	EF	49	62	76	92	EF


62	70	122	135	AD	62	70	137	143	AD	62	70	145	156	AD	62	70	158	164	AD	62	70	166	174	AD	62	70	178	188	AD


0	23	77	85	EF




33	59	117	126	IN

99	105	135	155	EF
0	20	36	54	IN	0	20	56	69	IN
54	74	76	89	EF	54	74	91	101	EF	54	74	103	116	EF	54	74	118	125	EF
16	36	46	59	AD
0	17	33	39	EF	0	17	47	60	EF	0	17	140	155	EF	0	17	302	332	EF

31	42	163	172	ME
48	59	150	159	AD	61	73	150	159	AD	75	83	150	159	AD	85	93	150	159	AD	95	104	150	159	AD	106	117	150	159	AD


107	116	133	157	AD


9	15	45	53	AD	9	15	61	70	AD
28	37	90	99	EF
24	33	36	45	ME
5	14	54	63	AD
14	25	85	94	ME	14	25	118	127	EF

19	28	60	80	EF


53	63	99	124	EF	53	63	127	150	EF	66	79	99	124	EF	66	79	127	150	EF



0	13	67	77	EF	17	30	67	77	EF



54	66	70	84	IN
119	131	135	149	EF

0	6	59	73	AD	10	17	59	73	AD
79	93	117	124	AD	79	93	127	133	AD



54	63	106	117	IN	54	63	121	136	IN




66	74	81	93	ME	66	74	95	107	ME	66	74	109	117	ME





102	110	160	170	ME


29	37	98	112	AD	29	37	119	131	AD	29	37	133	142	AD	29	37	144	154	AD	29	37	156	165	AD	29	37	167	176	AD	29	37	178	187	AD	29	37	190	203	AD	29	37	210	220	AD	29	37	222	232	AD	29	37	234	245	AD	29	37	248	260	AD	29	37	267	276	AD	29	37	282	302	AD	29	37	309	319	AD	29	37	321	330	AD

63	71	99	108	EF
103	111	134	141	EF	103	111	144	153	EF
16	25	58	65	AD	16	25	68	77	AD
57	66	82	95	AD	57	66	102	116	AD	57	66	118	129	AD	57	66	139	146	AD


140	146	166	175	EF
16	22	42	51	AD
19	40	67	79	AD
49	70	83	94	EF	72	78	83	94	EF

54	65	69	79	ME


59	67	109	116	EF

8	16	52	58	ME

0	11	21	28	ME

0	8	32	39	ME
26	33	66	74	ME
73	85	118	125	ME
460	471	510	523	EF
15	24	40	70	EF
0	9	63	79	EF	0	9	82	88	EF	0	9	97	107	EF	0	9	109	121	EF	0	9	128	143	EF	0	9	145	162	EF	0	9	171	184	EF	11	23	63	79	EF	11	23	82	88	EF	11	23	97	107	EF	11	23	109	121	EF	11	23	128	143	EF	11	23	145	162	EF	11	23	171	184	EF	27	34	63	79	EF	27	34	82	88	EF	27	34	97	107	EF	27	34	109	121	EF	27	34	128	143	EF	27	34	145	162	EF	27	34	171	184	EF


15	25	30	60	EF	15	25	67	73	EF	15	25	75	86	EF	15	25	88	100	EF	15	25	105	118	EF


151	158	198	208	ME

7	14	47	57	ME

43	50	98	108	EF




26	36	106	117	AD

40	47	104	123	EF

0	7	68	81	AD	0	7	83	96	AD	0	7	98	110	AD	0	7	114	127	AD



29	36	131	140	AD	29	36	144	155	AD	166	173	259	271	AD	166	173	275	283	AD
0	7	36	45	EF



93	106	152	169	ME

45	53	149	158	ME	56	68	149	158	ME


54	62	67	74	EF

10	17	81	89	AD
13	24	69	76	ME


64	80	115	129	ME



10	18	123	130	AD	46	53	123	130	AD
93	106	152	169	ME

45	53	149	158	ME	56	68	149	158	ME


54	62	67	74	EF

10	17	81	89	AD
13	24	69	76	ME


64	80	115	129	ME



10	18	123	130	AD	46	53	123	130	AD

5	18	23	41	EF



114	120	125	137	ME	114	120	150	181	ME
85	91	96	102	ME



96	107	125	157	EF	96	107	175	187	EF
14	46	64	75	AD
29	42	83	92	ME
101	110	114	125	EF
47	55	287	295	EF
38	46	85	92	EF




10	22	150	158	AD	30	37	150	158	AD

25	33	59	80	EF



0	27	66	74	EF



65	76	113	121	EF

109	115	119	130	EF

3	10	44	50	EF








85	93	110	122	ME	85	93	124	139	ME	85	93	141	150	ME	85	93	152	165	ME	85	93	170	181	ME	85	93	183	189	ME	85	93	191	201	ME	85	93	203	211	ME	85	93	213	224	ME	85	93	229	238	ME	85	93	240	250	ME	85	93	268	276	ME	85	93	278	289	ME	85	93	291	302	ME	85	93	304	313	ME	85	93	315	324	ME	85	93	326	336	ME	85	93	338	349	ME	85	93	351	368	ME	85	93	370	381	ME	85	93	383	389	ME	85	93	391	402	ME	85	93	404	417	ME	85	93	419	427	ME	85	93	432	440	ME	85	93	442	449	ME



80	88	105	113	ME	80	88	115	128	ME	80	88	130	138	ME	80	88	140	147	ME	80	88	149	161	ME	80	88	163	171	ME	80	88	176	184	ME	80	88	186	197	ME	80	88	202	213	ME


79	87	130	142	ME	79	87	144	153	ME	79	87	155	167	ME	79	87	169	177	ME	79	87	179	187	ME	79	87	189	198	ME	79	87	200	207	ME	79	87	209	218	ME	79	87	220	228	ME	79	87	230	240	ME	79	87	242	252	ME	79	87	254	264	ME	79	87	266	273	ME	79	87	275	283	ME	79	87	285	295	ME	79	87	297	308	ME	79	87	310	318	ME	79	87	320	329	ME	79	87	331	345	ME	79	87	347	357	ME	79	87	359	370	ME	79	87	372	382	ME	79	87	384	396	ME	79	87	398	406	ME	79	87	408	416	ME	79	87	418	426	ME	79	87	428	438	ME	79	87	440	452	ME	79	87	454	463	ME	79	87	469	482	ME	79	87	487	499	ME	79	87	501	509	ME	79	87	514	525	ME	79	87	527	544	ME	79	87	546	555	ME	79	87	557	567	ME	79	87	569	580	ME	79	87	582	591	ME	79	87	593	601	ME	79	87	603	610	ME	79	87	612	620	ME	79	87	622	630	ME	79	87	632	639	ME	79	87	644	654	ME	79	87	659	668	ME

54	62	108	122	ME	54	62	124	132	ME	54	62	140	148	ME
87	99	103	109	EF

13	30	89	101	EF	38	48	89	101	EF	52	61	89	101	EF

52	60	77	96	AD	52	60	100	106	AD
0	8	102	111	ME	10	35	102	111	ME


0	28	121	128	EF	35	48	121	128	EF	50	63	121	128	EF	65	75	121	128	EF	80	88	121	128	EF
33	40	90	98	EF	33	40	102	111	EF

0	3	38	46	ME	0	3	50	57	ME

8	21	53	60	ME
0	5	42	52	EF	59	64	97	107	EF
20	26	66	82	ME	30	38	66	82	ME

0	16	45	60	EF


0	13	36	59	EF	0	13	61	72	EF	0	13	74	80	EF	0	13	90	103	EF
0	12	59	72	EF
0	20	58	66	EF	0	20	68	84	EF	0	20	86	95	EF	0	20	99	110	EF
9	24	41	53	EF	9	24	57	78	EF

0	7	36	49	EF

0	7	57	84	AD
46	57	125	133	AD

89	97	225	234	EF	99	108	225	234	EF	110	119	225	234	EF	124	134	225	234	EF

48	77	120	128	EF	48	77	132	157	EF
37	45	50	79	EF
28	57	61	69	AD

40	51	99	108	ME


82	93	143	152	AD	143	152	176	187	AD
55	61	65	74	ME
4	10	14	18	EF
31	37	91	95	AD
41	48	78	87	ME

112	116	138	146	EF
44	48	104	112	AD	44	48	115	123	AD
27	56	98	104	EF	27	56	112	124	EF






0	7	32	41	ME

21	32	81	91	ME

47	54	58	69	EF
30	37	79	89	ME
10	17	37	44	AD
127	135	192	199	ME	137	146	192	199	ME	148	156	192	199	ME	158	170	192	199	ME	174	186	192	199	ME

4	11	63	71	AD	4	11	73	82	AD	4	11	84	92	AD	4	11	94	106	AD	4	11	110	122	AD


0	9	44	57	ME



75	82	99	106	ME


42	48	91	97	AD
22	40	79	86	ME	42	51	79	86	ME
67	74	130	133	ME	67	74	184	187	ME
2	16	49	55	AD




64	71	97	100	ME





64	80	105	112	AD
80	89	140	156	ME

22	40	75	91	ME	61	70	75	91	ME



52	66	90	97	AD
70	83	94	102	EF	70	83	109	118	EF


22	34	86	91	ME

0	7	100	107	EF	11	24	100	107	EF





74	87	91	115	EF


2	8	14	27	EF



74	87	91	115	EF






65	89	93	116	EF
27	36	53	61	ME

65	78	83	107	EF	65	78	116	124	EF	65	78	131	140	EF


0	14	45	66	EF	0	14	77	87	EF










15	24	49	58	ME	15	24	71	80	ME





121	134	138	152	EF









19	27	80	90	IN	19	27	94	100	IN
14	47	95	104	IN	14	47	108	120	IN	49	54	95	104	IN	49	54	108	120	IN

32	37	76	117	EF
57	64	82	95	AD
74	79	111	120	EF	74	79	124	132	EF

8	15	36	42	AD
35	41	46	53	EF

39	49	88	96	ME
34	42	65	75	ME
0	7	71	81	AD
122	128	141	148	ME
10	16	54	61	AD



44	51	56	63	AD
50	59	63	71	ME

89	98	102	110	ME
106	115	119	127	AD
51	60	74	83	ME






48	65	72	85	ME
44	57	91	108	ME






56	67	155	166	ME



22	33	61	70	ME


38	47	69	80	ME




0	9	57	81	AD






178	191	195	210	EF

24	42	126	149	EF	24	42	152	165	EF	53	63	99	124	EF	53	63	126	149	EF	53	63	152	165	EF	66	79	99	124	EF	66	79	126	149	EF	66	79	152	165	EF


26	41	99	121	EF

10	23	61	75	AD
18	25	56	66	ME	29	34	56	66	ME

11	20	46	56	ME

39	49	90	99	ME

31	41	75	85	ME





35	48	93	109	ME	52	61	93	109	ME



1	7	38	46	AD
0	13	39	45	ME	0	13	63	69	ME
26	32	76	89	AD
72	106	168	171	EF	72	106	173	189	EF	72	106	193	209	EF
14	27	31	66	AD

0	15	31	45	IN	0	15	47	53	IN	0	15	55	66	IN	0	15	68	80	IN	0	15	82	88	IN	0	15	101	115	IN	0	15	117	129	IN	0	15	131	142	IN	0	15	144	153	IN	0	15	155	162	IN	0	15	164	173	IN	0	15	175	183	IN	0	15	188	195	IN






69	85	108	127	EF	69	85	132	146	EF	69	85	156	178	EF	69	85	183	195	EF	90	103	108	127	EF	90	103	132	146	EF	90	103	156	178	EF	90	103	183	195	EF	108	127	156	178	EF	108	127	183	195	EF	132	146	156	178	EF	132	146	183	195	EF

23	34	74	108	EF	23	34	148	158	EF	23	34	160	171	EF	23	34	173	187	EF	23	34	189	198	EF	23	34	200	208	EF	23	34	210	235	EF	23	34	240	267	EF






40	51	79	92	EF

32	41	49	66	EF

0	14	61	67	ME

2	16	41	47	AD	99	113	161	167	EF
24	38	42	49	AD	24	38	51	56	AD

62	76	88	102	EF	62	76	105	115	EF

33	47	57	76	AD	33	47	78	101	AD	33	47	105	126	AD
0	13	50	70	EF






0	13	59	70	EF
0	13	64	77	EF


93	106	152	169	ME




54	62	67	74	EF

10	17	81	89	AD
13	24	69	76	ME


64	71	115	129	EF



10	18	123	130	EF	46	53	123	130	EF
0	13	81	94	ME	0	13	96	103	ME	0	13	105	121	ME	0	13	132	142	ME	0	13	159	170	ME	0	13	171	181	ME	0	13	183	195	ME	0	13	207	215	ME	0	13	229	237	ME	0	13	241	250	ME	0	13	255	263	ME

116	129	188	196	ME







62	72	80	91	ME
10	21	67	77	AD
11	20	95	107	ME	11	20	109	117	ME	11	20	119	156	ME	11	20	158	175	ME	11	20	177	188	ME	11	20	190	204	ME	11	20	206	215	ME	11	20	217	226	ME	11	20	228	239	ME	11	20	241	250	ME	11	20	252	261	ME	11	20	263	291	ME	11	20	299	310	ME	11	20	315	324	ME

0	9	85	94	AD
45	51	102	116	AD	45	51	123	132	AD	45	51	134	143	AD	45	51	148	155	AD	45	51	158	170	AD	45	51	172	180	AD	45	51	193	203	AD	45	51	205	214	AD	45	51	219	254	AD

91	96	141	152	AD	91	96	156	167	AD	91	96	195	204	AD
42	51	110	119	ME	55	66	110	119	ME
60	69	106	114	ME

0	6	111	137	ME	0	6	139	147	ME	0	6	149	159	ME	0	6	161	170	ME	0	6	172	187	ME	0	6	189	196	ME	0	6	205	228	ME	0	6	230	238	ME	0	6	240	251	ME	0	6	255	267	ME

74	86	109	115	AD

55	61	121	132	ME	55	61	134	141	ME









51	60	69	81	ME


19	30	66	75	ME
16	23	168	179	AD	16	23	181	192	AD	16	23	194	205	AD

22	33	74	83	ME
77	88	90	98	EF

0	9	57	64	ME

83	91	116	123	AD
0	7	65	74	ME	10	19	65	74	ME
32	41	64	67	ME	32	41	92	95	ME	32	41	99	103	ME	32	41	105	114	ME
0	9	56	69	EF	0	9	77	84	EF	20	28	56	69	EF	20	28	77	84	EF

47	73	80	112	EF	47	73	113	120	EF


95	103	114	148	AD
70	79	83	94	ME
4	13	85	92	ME	24	36	85	92	ME

4	13	115	126	EF	24	36	115	126	EF
40	52	60	71	EF	40	52	72	80	EF

35	46	90	102	ME

23	34	83	95	AD
64	72	143	151	ME	64	72	154	161	ME	64	72	162	169	ME	64	72	171	180	ME	64	72	182	186	ME	64	72	249	255	ME	64	72	257	260	ME	64	72	264	267	ME	83	95	143	151	ME	83	95	154	161	ME	83	95	162	169	ME	83	95	171	180	ME	83	95	182	186	ME	83	95	249	255	ME	83	95	257	260	ME	83	95	264	267	ME	83	95	307	319	ME

55	67	121	128	AD



30	38	108	120	ME
11	20	58	70	ME	11	20	104	116	ME
28	37	82	93	ME	65	77	82	93	ME


9	18	76	83	EF



43	56	118	126	ME	58	69	118	126	ME	74	87	118	126	ME
50	73	164	172	EF	81	99	164	172	EF	103	113	164	172	EF

89	97	138	150	AD
39	48	72	80	ME
47	57	121	129	ME	59	70	121	129	ME	79	90	121	129	ME
40	51	83	91	ME
69	77	81	92	EF
22	31	97	105	ME
31	40	96	104	ME	44	53	96	104	ME
42	50	93	101	ME	54	62	93	101	ME

0	8	86	100	AD	0	8	132	140	AD	0	8	144	155	AD	0	8	175	181	AD








33	38	84	98	EF
37	42	97	111	EF

50	64	83	88	EF


0	9	180	185	EF	0	9	222	227	EF	12	20	180	185	EF	12	20	222	227	EF	37	48	180	185	EF	37	48	222	227	EF


30	38	138	143	AD	41	50	138	143	AD


57	77	84	89	EF	57	77	104	114	EF	57	77	121	135	EF	57	77	137	149	EF	57	77	151	160	EF	57	77	162	171	EF	57	77	173	182	EF	57	77	184	194	EF	57	77	196	203	EF	57	77	208	227	EF	57	77	230	238	EF	57	77	245	251	EF	57	77	258	268	EF	57	77	270	281	EF	57	77	286	294	EF	84	89	104	114	EF	84	89	121	135	EF	84	89	137	149	EF	84	89	151	160	EF	84	89	162	171	EF	84	89	173	182	EF	84	89	184	194	EF	84	89	196	203	EF	84	89	208	227	EF	84	89	230	238	EF	84	89	245	251	EF	84	89	258	268	EF	84	89	270	281	EF	84	89	286	294	EF
44	85	138	146	EF	44	85	149	161	EF
24	32	68	73	EF	35	47	68	73	EF

14	33	63	71	ME



29	39	43	52	EF
37	46	60	70	EF



17	41	80	93	EF	43	53	80	93	EF
33	46	84	97	EF	33	46	107	118	EF	33	46	120	132	EF	33	46	137	143	EF
17	30	76	93	AD
0	30	77	90	EF
0	9	78	86	EF	11	34	78	86	EF	39	43	78	86	EF
0	8	31	44	EF	0	8	46	53	EF	0	8	58	69	EF
0	10	90	116	EF

36	46	50	61	EF







31	37	78	85	EF
74	80	84	94	AD
28	41	67	75	AD


0	8	37	45	ME	0	8	48	58	ME

23	33	63	71	EF
96	102	106	115	EF
140	149	154	160	EF

26	35	40	47	AD



0	8	28	40	AD
59	67	86	100	AD	59	67	103	122	AD
7	30	79	90	EF	7	30	92	100	EF	7	30	153	155	EF	7	30	195	218	EF
24	26	87	97	ME
35	58	120	134	ME	35	58	166	175	ME	35	58	177	186	ME	35	58	259	270	ME	35	58	272	280	ME	120	134	318	320	ME	166	175	318	320	ME	177	186	318	320	ME	259	270	318	320	ME	272	280	318	320	ME
16	18	61	73	ME









0	10	67	69	ME
16	19	21	23	IN
55	58	71	75	AD
63	65	103	112	AD



63	71	131	138	ME	63	71	140	146	ME




21	30	86	98	ME	215	224	281	293	ME

30	38	76	85	ME	40	52	76	85	ME	56	68	76	85	ME
156	171	214	223	AD
56	74	100	106	EF	56	74	108	116	EF	56	74	118	129	EF	56	74	131	153	EF	56	74	155	171	EF	56	74	176	189	EF	56	74	191	202	EF	56	74	206	246	EF	56	74	248	273	EF	56	74	280	303	EF	56	74	315	333	EF
25	46	59	82	EF
0	21	58	64	EF	0	21	66	77	EF	0	21	85	93	EF
0	12	30	38	EF	102	110	149	155	EF	102	110	157	168	EF	102	110	176	188	EF
0	17	54	62	EF
0	23	60	68	EF

0	11	56	64	EF
105	113	179	187	AD	105	113	189	210	AD	105	113	215	227	AD
83	94	102	110	EF

8	16	75	85	EF


29	50	79	90	EF	29	50	98	109	EF	29	50	142	155	EF

15	29	48	59	EF	15	29	61	69	EF	15	29	71	84	EF	15	29	86	111	EF	15	29	119	133	EF






27	35	101	107	EF



130	138	167	180	AD	130	138	191	206	AD
0	8	45	65	EF	0	8	96	103	EF





0	8	41	49	ME	10	17	41	49	ME	22	29	41	49	ME

0	9	60	68	ME	11	18	60	68	ME	23	34	60	68	ME
24	32	36	48	AD	113	125	163	171	ME


0	9	47	55	ME
113	121	134	143	ME	113	121	145	154	ME	113	121	159	168	ME
99	107	149	159	AD






29	37	93	107	AD	29	37	109	122	AD	29	37	124	136	AD	29	37	141	161	AD	29	37	168	178	AD	29	37	180	189	AD	29	37	193	201	AD	29	37	233	241	AD




0	6	29	46	EF	0	6	55	65	EF	0	6	67	80	EF	0	6	82	94	EF	0	6	96	113	EF	0	6	122	135	EF	0	6	146	152	EF


0	9	23	38	ME
11	20	36	53	ME
0	9	37	50	EF
10	30	46	55	EF


0	6	48	56	ME	0	6	58	64	ME









15	37	63	73	ME



20	30	51	58	AD
38	51	133	155	ME
15	26	137	159	ME	28	37	137	159	ME	39	49	137	159	ME	51	69	137	159	ME	74	84	137	159	ME


37	57	103	125	EF	103	125	145	151	ME	103	125	155	163	ME


0	20	60	68	ME	0	20	83	96	ME


0	24	226	236	EF	29	40	226	236	EF	71	85	226	236	EF	87	95	226	236	EF	97	109	226	236	EF	113	125	226	236	EF
0	16	46	56	EF
19	35	39	49	AD
26	32	67	76	ME
12	18	37	44	ME






















0	12	58	65	EF

35	47	94	108	ME	35	47	133	146	AD	49	57	94	108	ME	49	57	133	146	AD	61	68	94	108	ME	61	68	133	146	AD
11	24	65	79	ME	28	39	65	79	ME

0	14	55	61	EF
64	73	86	99	EF
0	6	46	61	AD
11	25	32	45	EF
52	65	91	105	EF

0	12	58	65	EF



27	40	141	153	EF


0	9	98	107	ME	10	32	98	107	ME	41	47	98	107	ME
0	7	47	59	IN
0	7	30	36	EF	0	7	38	49	EF	0	7	59	72	EF
0	23	59	70	EF
0	23	64	71	EF
0	13	54	62	EF	0	13	65	75	EF

45	60	119	131	ME

0	15	114	136	EF


0	12	59	72	EF
0	13	40	46	EF	0	13	55	68	EF	0	13	75	83	EF	0	13	85	93	EF	0	13	95	107	EF	0	13	109	125	EF












46	61	65	86	AD	46	61	94	102	AD
16	25	39	48	EF






8	14	25	44	EF	8	14	51	63	EF



154	179	199	206	AD


14	20	91	102	AD	14	20	104	115	AD	14	20	117	125	AD	14	20	127	136	AD	14	20	138	151	AD
24	30	147	156	AD	24	30	158	169	AD	24	30	173	196	AD
19	25	35	55	EF



16	22	52	63	ME	16	22	65	76	ME	16	22	78	89	ME	16	22	91	104	ME	16	22	106	114	ME	16	22	116	125	ME	16	22	127	135	ME	16	22	137	146	ME	16	22	148	157	ME	16	22	159	168	ME	16	22	170	182	ME







28	34	39	46	AD
2	8	101	107	AD
76	85	152	160	EF	88	107	152	160	EF	112	121	152	160	EF	125	134	152	160	EF
19	28	55	61	AD	31	50	55	61	AD
43	52	94	100	AD	55	74	94	100	AD

66	75	268	274	AD	77	86	268	274	AD	88	98	268	274	AD	100	108	268	274	AD	110	121	268	274	AD	123	130	268	274	AD	132	139	268	274	AD	141	149	268	274	AD	151	159	268	274	AD	161	170	268	274	AD	174	187	268	274	AD	189	198	268	274	AD	200	216	268	274	AD






5	14	49	59	EF
0	9	98	108	AD
0	15	36	45	EF










59	64	85	92	AD











26	33	38	52	IN	26	33	64	87	IN
10	22	87	99	AD
34	50	104	114	EF
15	27	36	49	EF



7	23	63	75	EF














16	19	21	23	IN
55	58	71	75	AD










2	25	49	66	EF	2	25	73	85	EF	2	25	88	95	EF	2	25	97	105	EF	201	211	215	229	EF	201	211	236	251	EF	201	211	254	261	EF
45	62	87	97	EF

26	35	39	62	ME
39	62	100	109	ME
73	96	101	110	ME




















18	34	66	80	EF
55	69	133	145	AD	55	69	147	155	AD
60	72	76	89	EF
12	31	77	90	ME
36	59	63	77	EF
11	34	82	95	AD
39	53	57	64	EF

21	35	93	110	EF

15	28	54	68	ME
36	47	51	65	EF




10	18	52	66	ME
38	46	87	101	ME
107	118	178	192	ME	120	128	178	192	ME	130	142	178	192	ME	144	151	178	192	ME
29	40	138	152	ME	42	61	138	152	ME	68	79	138	152	ME


13	24	72	86	ME
11	22	45	58	EF
60	66	113	127	EF	75	108	113	127	EF
0	6	46	60	AD
14	24	58	72	ME
86	94	105	117	ME


19	32	81	84	EF	19	32	87	105	EF
0	14	72	93	EF
23	30	61	74	AD
0	17	33	39	IN	0	17	47	60	IN	0	17	140	155	IN	0	17	302	332	IN
31	56	111	130	EF	31	56	137	146	EF	31	56	148	158	EF	31	56	160	169	EF	31	56	171	180	EF	31	56	182	192	EF	58	62	111	130	EF	58	62	137	146	EF	58	62	148	158	EF	58	62	160	169	EF	58	62	171	180	EF	58	62	182	192	EF	70	92	111	130	EF	70	92	137	146	EF	70	92	148	158	EF	70	92	160	169	EF	70	92	171	180	EF	70	92	182	192	EF
63	77	111	122	AD
50	61	90	104	AD
49	63	93	104	AD
103	138	180	186	EF	103	138	188	207	EF	103	138	212	228	EF	140	144	180	186	EF	140	144	188	207	EF	140	144	212	228	EF

0	14	47	66	AD




59	66	71	81	EF	59	66	83	91	EF	59	66	93	101	EF	59	66	106	112	EF


101	108	125	134	AD	101	108	136	143	AD	101	108	145	152	AD	101	108	155	160	AD






17	48	136	147	ME	50	61	136	147	ME	63	71	136	147	ME	73	87	136	147	ME	89	100	136	147	ME
0	22	114	124	ME	24	39	114	124	ME	41	59	114	124	ME

19	36	51	62	EF
54	70	97	108	ME
26	38	106	116	ME	44	52	106	116	ME

26	37	61	69	EF	26	37	72	92	EF
0	12	17	27	ME	0	12	30	42	ME	0	12	59	68	ME

14	32	72	82	ME	55	66	72	82	ME



15	26	59	72	EF
18	29	66	82	EF
15	28	111	122	EF
13	24	55	66	ME
12	22	105	116	EF
40	51	68	83	EF
11	22	53	62	EF
37	48	84	99	ME
15	26	55	68	EF
14	25	56	68	ME

10	21	52	60	ME

22	33	45	55	EF
18	29	59	75	EF
32	43	81	94	EF





55	61	65	91	AD
35	44	48	54	AD	78	87	154	160	ME
39	48	170	175	AD
115	120	145	152	AD	131	140	145	152	AD

11	20	53	59	ME	11	20	63	74	ME	11	20	86	97	EF
22	31	90	96	EF	22	31	98	109	EF	22	31	113	124	EF	74	78	90	96	EF	74	78	98	109	EF	74	78	113	124	EF


8	17	27	33	ME	8	17	60	66	ME
16	25	29	35	EF

73	79	119	128	EF	86	103	119	128	EF

92	101	137	143	EF	92	101	150	167	EF
10	19	57	65	EF	28	33	57	65	EF


69	81	115	124	EF
22	31	84	96	ME	22	31	120	130	ME	22	31	132	143	ME	22	31	169	176	ME






0	11	74	83	EF




0	20	106	112	ME

0	19	93	106	ME
7	14	46	66	ME



57	67	119	123	ME

36	43	77	81	EF	54	62	77	81	EF	65	72	77	81	EF
76	87	153	157	AD	91	102	153	157	AD
28	32	66	76	ME
64	68	97	107	ME
21	25	88	100	AD	130	142	193	201	ME	130	142	203	209	ME	130	142	213	220	ME
106	118	195	199	ME
75	87	91	100	ME
30	42	61	70	ME
22	41	92	100	ME	22	41	102	108	ME	22	41	112	119	ME

71	81	164	168	ME	90	98	164	168	ME
23	33	80	84	AD	36	44	80	84	AD


















11	24	41	61	IN	11	24	68	79	IN	11	24	81	92	IN
15	28	62	75	EF

72	81	85	92	EF	72	81	94	106	EF	72	81	110	122	EF
19	28	51	59	ME
16	25	48	61	AD


66	75	79	97	ME
0	9	43	61	EF

0	9	43	52	EF
36	43	67	76	ME

60	69	73	85	ME

92	101	105	117	AD
27	36	40	52	EF

34	43	75	86	AD
0	33	81	92	ME
29	61	79	90	ME
0	5	45	56	AD
54	63	91	102	ME
30	41	45	54	EF
10	21	25	34	AD
19	28	44	49	EF

89	98	102	108	ME
39	48	52	59	ME
39	48	52	59	ME



0	27	57	65	EF

0	8	110	116	ME	10	18	110	116	ME	20	29	110	116	ME	31	41	110	116	ME	43	54	110	116	ME	56	67	110	116	ME	69	78	110	116	ME	83	96	110	116	ME
0	11	93	99	ME	15	28	93	99	ME	46	65	93	99	ME	70	81	93	99	ME

0	12	65	71	ME	16	28	65	71	ME
0	7	127	133	ME	9	14	127	133	ME	23	35	127	133	ME	37	44	127	133	ME	46	59	127	133	ME	87	100	127	133	ME
0	7	24	30	ME

0	6	85	91	AD
16	22	26	41	EF

8	30	58	64	EF	33	54	58	64	EF


17	24	84	109	EF	26	50	84	109	EF
12	22	100	107	EF	12	22	109	133	EF
0	10	14	21	AD	0	10	23	47	AD
216	226	267	276	EF
9	16	98	102	EF
67	84	194	207	ME	93	100	194	207	ME	102	126	194	207	ME
58	67	112	122	EF
71	83	111	115	EF



16	32	92	109	EF

90	102	131	136	EF	105	113	131	136	EF






16	37	55	65	ME
8	18	60	68	ME

119	128	155	163	ME

24	33	129	137	ME
26	34	142	151	AD

16	37	42	48	ME

89	95	154	175	AD
105	115	134	155	EF
22	32	36	57	AD
34	42	46	57	IN
50	61	177	185	ME
45	56	103	111	AD

27	35	40	52	ME

17	25	43	51	ME	17	25	55	63	ME
24	32	97	105	ME	36	44	97	105	ME
37	45	127	135	EF	37	45	139	147	EF
38	46	61	70	ME


18	25	30	38	ME
18	26	31	38	AD
0	13	41	51	EF
0	7	42	50	EF	15	23	42	50	EF

0	8	37	49	EF

0	27	50	56	EF	0	27	65	78	EF	0	27	80	88	EF	0	27	90	98	EF	0	27	100	112	EF
0	12	67	80	EF


28	37	68	78	EF

0	15	49	61	IN	19	33	49	61	IN




10	21	88	96	ME

25	36	79	102	EF





75	85	90	102	ME

60	70	75	87	EF

34	45	49	59	IN
79	89	112	131	EF
15	24	62	72	AD



36	48	83	90	ME	36	48	93	114	ME



10	21	61	69	ME	10	21	114	122	EF
35	46	50	56	ME
70	81	89	102	EF

26	37	41	50	EF	26	37	53	69	EF
73	84	114	125	IN	73	84	127	138	IN	73	84	140	152	IN	73	84	154	163	IN	73	84	165	176	IN	73	84	178	186	IN	73	84	188	200	IN	73	84	202	210	IN	73	84	212	221	IN	73	84	226	235	IN
2	10	63	69	ME	2	10	72	80	ME




27	33	37	45	ME

14	34	38	49	ME

83	94	151	159	AD

0	9	57	65	AD
99	108	121	129	EF



39	52	76	85	AD
14	22	27	36	AD

30	39	43	49	EF	123	132	145	152	EF


25	34	83	96	EF

49	58	62	74	EF


42	50	166	177	ME	42	50	179	189	ME	42	50	191	202	ME	42	50	204	215	ME	42	50	220	233	ME



0	9	65	71	ME
0	9	60	69	ME

18	24	149	158	AD

19	25	30	38	ME
102	110	115	124	EF

0	11	79	85	ME



19	22	29	38	ME







57	67	141	150	AD	69	77	141	150	AD	81	89	141	150	AD


31	50	250	256	AD	52	72	250	256	AD	74	91	250	256	AD	93	119	250	256	AD	121	130	250	256	AD	132	143	250	256	AD	145	153	250	256	AD	171	180	250	256	AD	182	192	250	256	AD	194	200	250	256	AD	202	212	250	256	AD


41	47	52	61	EF








19	28	59	75	ME

44	53	75	84	ME	44	53	171	178	ME



49	66	112	119	ME




30	42	90	100	AD
34	44	48	61	EF

16	23	40	68	EF	16	23	76	86	EF	16	23	90	99	EF
48	58	74	103	EF

0	13	64	71	EF	21	31	64	71	EF	36	49	64	71	EF
0	11	156	169	EF	0	11	177	184	EF	14	46	156	169	EF	14	46	177	184	EF

58	68	88	99	AD	58	68	102	134	AD
58	65	127	137	EF
19	29	79	91	EF	61	70	79	91	EF
16	24	44	54	EF
36	46	62	70	AD


81	91	134	160	EF




0	9	50	56	ME	11	19	50	56	ME	24	32	50	56	ME

84	90	105	115	EF	84	90	122	136	EF	84	90	138	150	EF	84	90	152	161	EF	84	90	163	172	EF	84	90	174	183	EF	84	90	185	195	EF	84	90	197	204	EF	84	90	209	228	EF	84	90	231	239	EF	84	90	246	252	EF	84	90	259	269	EF	84	90	271	282	EF	84	90	287	295	EF
15	56	171	179	EF	15	56	182	194	EF	101	107	171	179	EF	101	107	182	194	EF
16	23	49	63	EF	16	23	66	96	EF
41	48	87	105	EF





80	88	119	128	ME






























16	19	21	23	IN
55	58	71	75	AD





36	44	125	131	ME	46	81	125	131	ME	83	87	125	131	ME



10	22	99	106	AD

11	20	120	143	ME
134	156	161	170	EF
31	53	115	124	ME
127	136	190	212	ME
33	39	108	115	ME

87	96	130	136	EF



7	19	84	96	AD
100	112	130	139	AD
12	24	55	62	ME	12	24	64	70	ME	12	24	74	82	ME	12	24	87	90	ME
12	23	36	55	ME
0	11	61	71	ME	13	25	61	71	ME	30	38	61	71	ME
18	29	33	41	EF	18	29	43	56	EF
15	26	40	53	EF

65	74	94	111	EF
0	13	63	69	EF	0	13	72	79	EF
0	9	32	42	EF


26	40	44	52	ME
40	48	85	91	EF
5	22	121	128	EF	28	39	121	128	EF	41	53	121	128	EF	55	61	121	128	EF	72	82	121	128	EF

28	35	51	68	AD








35	44	49	59	ME


0	9	45	54	ME



4	13	82	92	ME
29	38	147	161	AD	29	38	163	186	AD	29	38	188	191	AD	29	38	200	212	AD	29	38	214	226	AD	29	38	231	240	AD	29	38	243	256	AD	29	38	260	280	AD	29	38	287	297	AD	29	38	299	308	AD
82	84	106	115	AD
121	130	134	145	AD











16	38	77	106	EF	45	56	77	106	EF	59	67	77	106	EF

26	35	39	48	ME
0	16	33	56	EF	0	16	63	77	EF	0	16	80	94	EF	0	16	98	117	EF



0	7	33	54	EF	66	87	113	123	ME



0	6	31	52	AD
0	8	69	75	AD	10	13	69	75	AD	17	39	69	75	AD






34	46	106	114	ME	48	55	106	114	ME	57	65	106	114	ME

















53	59	63	76	EF






77	85	101	107	ME
4	12	61	67	ME


15	23	124	130	AD	25	33	124	130	AD








32	40	49	62	AD







41	47	71	79	AD









23	36	43	51	ME



0	6	54	65	ME	0	6	69	80	ME














48	56	206	214	EF	48	56	217	227	EF
38	46	98	105	EF	49	59	98	105	EF

53	61	89	110	EF	53	61	138	146	EF	65	73	89	110	EF	65	73	138	146	EF
101	134	158	166	EF



26	31	70	82	EF
57	62	80	92	AD


31	39	84	105	EF	43	51	84	105	EF



57	63	125	137	EF
60	68	100	106	AD





8	27	51	58	ME
32	39	43	62	AD
9	16	92	106	ME
22	29	88	95	ME
47	54	58	65	ME
61	68	87	94	EF
82	93	115	128	ME
8	15	29	35	ME
54	61	65	71	EF
77	84	138	145	EF






29	32	114	122	ME
18	34	81	88	ME	38	55	81	88	ME
24	31	68	77	ME

13	20	96	110	ME
0	7	37	48	ME
60	71	75	82	EF
9	18	60	69	ME	29	36	60	69	ME

82	89	109	116	AD




















3	14	53	83	AD
0	10	56	75	AD	0	10	83	95	AD


16	26	46	57	EF	16	26	60	99	EF	16	26	106	114	EF

0	10	57	65	AD	0	10	67	76	AD
0	13	61	71	EF
0	10	51	62	EF

16	22	85	106	AD








0	9	27	36	ME
0	9	53	59	AD


63	68	78	89	ME

16	25	57	68	ME	16	25	78	86	ME	16	25	95	104	ME	16	25	115	125	ME


120	125	137	149	EF	120	125	153	184	EF
39	44	77	85	EF

47	52	84	90	AD

24	57	62	67	EF
14	19	23	28	AD

47	52	71	79	EF	47	52	81	102	EF	47	52	111	122	EF
9	26	86	91	EF	29	42	86	91	EF

177	186	213	218	ME	189	195	213	218	ME

18	24	93	98	ME







0	9	39	57	ME	0	9	68	87	ME
16	32	92	105	EF

12	18	37	57	ME	37	57	86	95	ME
19	25	34	53	EF
40	51	61	69	ME
44	50	55	66	AD	44	50	120	129	AD	44	50	131	144	AD	44	50	146	154	AD	44	50	156	167	AD	44	50	169	178	AD	44	50	180	189	AD	44	50	191	199	AD	44	50	201	210	AD	44	50	212	224	AD	44	50	226	239	AD	44	50	241	243	AD	44	50	249	260	AD
33	42	52	60	ME


5	11	80	89	AD








67	76	139	147	ME
12	20	36	45	ME

58	67	90	98	AD




0	11	51	62	EF
75	86	139	150	AD
27	38	42	48	ME
55	66	74	87	EF

15	26	30	39	EF	15	26	42	58	EF
0	11	51	59	ME	0	11	63	71	ME	0	11	119	133	EF

36	47	52	64	IN	36	47	66	77	IN	36	47	79	88	IN	36	47	90	101	IN	36	47	103	111	IN	36	47	113	122	IN	36	47	124	132	IN	36	47	134	145	IN	36	47	147	156	IN	36	47	158	170	IN	36	47	172	180	IN	36	47	182	192	IN	36	47	197	206	IN

0	11	87	97	ME	0	11	101	110	ME

70	80	84	95	EF
55	66	87	95	EF	252	260	263	274	ME

28	37	41	52	AD


103	125	158	164	AD	135	141	158	164	AD



99	115	231	235	EF	99	115	238	244	EF

58	67	102	111	ME




7	13	48	59	EF	89	95	99	105	AD
50	57	87	96	EF


129	163	173	183	EF	165	168	173	183	EF
26	36	42	45	AD	26	36	52	61	AD	26	36	63	73	AD	26	36	75	84	AD	26	36	86	95	AD	26	36	97	106	AD	26	36	108	119	AD





118	130	158	169	ME

44	53	63	74	ME






111	122	172	182	ME


35	41	144	153	ME



62	73	100	109	AD	62	73	111	116	AD
34	42	80	97	EF


0	8	57	64	ME
4	10	14	22	ME

121	129	186	193	ME


33	47	63	71	EF
86	94	160	166	AD	86	94	168	175	AD	86	94	177	191	AD	86	94	194	201	AD


47	55	59	67	AD

13	21	136	143	AD	13	21	145	155	AD	13	21	160	173	AD






19	38	42	49	EF

18	29	37	44	ME



10	21	117	128	ME	10	21	130	133	ME	10	21	142	148	ME

27	40	45	52	AD

14	28	47	61	EF	14	28	63	76	EF	14	28	78	84	EF	14	28	86	97	EF	14	28	99	124	EF	14	28	126	134	EF	14	28	136	149	EF	14	28	151	173	EF


60	68	130	142	ME	60	68	144	152	ME	60	68	154	161	ME	60	68	166	177	ME	60	68	204	212	ME

13	21	56	67	AD	13	21	71	82	AD

71	85	122	131	ME	71	85	133	143	ME	71	85	145	154	ME	71	85	156	164	ME	71	85	166	175	ME	71	85	184	203	ME



























21	27	69	73	ME
91	101	105	111	EF


29	39	46	55	EF



8	18	59	70	ME


40	48	90	99	ME








74	79	83	90	EF
43	48	52	59	EF
55	67	76	81	EF

0	6	36	44	ME

0	6	56	69	EF	0	6	77	100	EF

24	37	62	69	ME

35	68	130	133	EF	35	68	135	151	EF	35	68	155	171	EF
14	20	24	59	EF
38	47	63	79	ME
48	57	62	78	AD

23	29	95	107	EF	31	42	95	107	EF	47	51	95	107	EF













0	7	59	67	ME
0	7	45	64	EF
44	54	73	83	EF

0	12	28	34	EF	0	12	42	55	EF

0	12	28	41	ME
5	12	66	83	IN	14	25	66	83	IN	147	158	169	177	ME	192	203	244	255	ME

38	45	76	84	AD	38	45	86	96	AD
29	50	52	60	IN	29	50	68	88	IN
11	19	39	46	ME	11	19	107	128	ME
14	35	105	113	ME

42	49	69	90	AD
0	12	35	44	EF	0	12	46	57	EF	0	12	59	70	EF	0	12	75	83	EF

18	30	40	48	EF	18	30	50	62	EF	18	30	67	81	EF


0	12	46	63	ME
11	32	72	84	ME
0	8	58	66	EF

0	16	44	53	ME



26	47	81	99	EF

0	14	99	114	ME	0	14	125	134	ME	16	28	99	114	ME	16	28	125	134	ME	30	38	99	114	ME	30	38	125	134	ME	40	52	99	114	ME	40	52	125	134	ME	54	62	99	114	ME	54	62	125	134	ME	64	73	99	114	ME	64	73	125	134	ME

20	31	95	112	ME	33	40	95	112	ME

13	24	43	55	ME	13	24	59	74	ME
27	48	78	92	ME	27	48	94	103	ME	27	48	105	120	ME	27	48	122	129	ME	27	48	163	171	ME	27	48	173	180	ME	27	48	182	190	ME
25	46	72	84	ME
24	45	71	82	ME



13	24	49	81	ME


20	41	67	74	ME
53	62	88	120	ME



13	28	54	65	ME
19	28	100	132	ME	30	38	100	132	ME	40	49	100	132	ME	54	62	100	132	ME

0	8	45	77	ME

9	16	41	56	ME	9	16	64	73	ME	9	16	75	87	ME

25	46	72	84	ME
11	43	78	87	ME
13	28	54	65	ME
0	23	91	123	ME	25	37	91	123	ME	39	48	91	123	ME	50	62	91	123	ME

75	107	131	138	EF





86	95	106	113	EF


32	37	76	89	EF
57	62	80	93	AD


12	17	36	42	ME

53	58	62	68	AD
33	38	165	176	ME	33	38	178	184	ME	33	38	186	197	ME	49	54	165	176	ME	49	54	178	184	ME	49	54	186	197	ME



75	80	112	121	EF	75	80	125	133	EF



8	13	45	51	ME


9	14	18	24	EF
15	28	74	81	ME
43	50	89	102	AD

21	28	32	37	EF
79	86	90	95	ME	79	86	97	104	ME


126	133	170	177	EF















0	11	51	63	IN	0	11	65	71	IN	0	11	74	84	IN	0	11	91	100	IN	0	11	104	115	IN	0	11	117	131	IN	0	11	133	140	IN	0	11	142	154	IN	0	11	156	163	IN	0	11	165	173	IN	0	11	175	181	IN	0	11	183	190	IN	0	11	193	203	IN	0	11	205	212	IN	0	11	214	220	IN	0	11	222	229	IN	0	11	232	243	IN	0	11	245	251	IN	0	11	254	263	IN	0	11	265	273	IN	0	11	276	287	IN	0	11	289	294	IN	0	11	296	305	IN	0	11	328	345	IN	0	11	347	355	IN	0	11	357	364	IN	0	11	366	374	IN	0	11	376	383	IN	0	11	385	391	IN	0	11	393	398	IN	0	11	400	407	IN	0	11	410	417	IN	0	11	419	428	IN	0	11	430	435	IN	0	11	437	444	IN	0	11	447	460	IN	0	11	462	473	IN	0	11	475	481	IN	0	11	484	490	IN	0	11	492	499	IN	0	11	515	523	IN	0	11	525	536	IN	0	11	538	545	IN	0	11	551	558	IN
41	49	107	129	AD
9	20	80	88	ME


36	45	134	143	ME	47	55	134	143	ME	57	69	134	143	ME	71	83	134	143	ME


17	26	133	143	ME







57	64	67	84	ME	57	64	86	89	ME







60	67	98	106	ME


13	21	82	90	ME
70	78	97	105	AD

14	21	54	66	ME

3	15	65	73	ME


10	17	48	56	ME


13	21	61	69	ME


32	40	45	57	ME

52	60	104	111	ME	52	60	113	121	ME	163	171	241	248	ME
14	26	73	80	ME	121	133	206	213	ME

27	39	55	63	ME




0	8	45	53	ME















69	78	130	143	ME	69	78	155	163	ME	69	78	165	177	ME	69	78	181	193	ME






0	11	42	62	EF	0	11	69	80	EF	0	11	82	91	EF	0	11	93	101	EF
5	22	62	73	AD
46	67	93	98	AD


43	48	52	77	AD
85	90	125	144	ME
20	31	170	181	EF	20	31	191	196	EF
26	31	36	53	AD




10	20	68	87	AD
27	37	67	77	ME	56	61	67	77	ME

27	37	67	78	ME	56	61	67	78	ME


50	59	64	76	AD



21	27	59	68	ME
40	49	53	59	ME
100	106	136	141	ME	162	167	171	181	AD
23	35	107	116	ME
4	16	69	74	AD



19	45	60	65	EF

19	24	53	65	EF
19	24	29	35	AD


30	37	42	50	ME	30	37	83	94	ME	30	37	96	107	ME	30	37	109	122	ME	30	37	124	137	ME	30	37	139	148	ME
46	54	85	92	ME	58	69	85	92	ME

51	59	96	126	EF	51	59	157	163	EF	51	59	165	173	EF	51	59	175	183	EF	51	59	185	197	EF	51	59	204	218	EF	51	59	228	238	EF	51	59	240	253	EF	51	59	255	277	EF	51	59	282	288	EF	61	68	96	126	EF	61	68	157	163	EF	61	68	165	173	EF	61	68	175	183	EF	61	68	185	197	EF	61	68	204	218	EF	61	68	228	238	EF	61	68	240	253	EF	61	68	255	277	EF	61	68	282	288	EF

14	22	70	73	AD	129	141	161	176	AD

26	50	61	72	ME	26	50	75	86	ME















24	35	75	86	ME	38	49	75	86	ME
176	187	197	208	ME
51	75	110	117	ME	51	75	121	129	ME	51	75	140	146	ME	51	75	148	153	ME
0	6	40	47	AD	0	6	51	59	AD





















41	48	96	102	ME
41	48	52	62	ME


39	46	50	60	EF

63	74	78	87	EF




50	58	123	132	ME	60	72	123	132	ME	74	86	123	132	ME
26	35	63	72	ME
4	13	23	32	ME
41	49	89	98	ME


115	126	175	182	AD	130	138	175	182	AD


0	18	87	97	EF



8	14	44	54	AD














56	63	88	94	EF


0	11	62	83	ME	13	21	62	83	ME	25	32	62	83	ME










37	45	173	193	EF

8	16	104	117	EF
0	8	34	48	EF
69	77	124	132	EF
















23	34	50	74	AD
25	36	51	62	AD






26	40	44	52	ME
40	48	85	91	EF
17	28	58	83	IN	17	28	85	88	IN	91	94	119	130	EF	178	189	193	199	EF	252	263	284	307	EF


15	26	128	142	EF	36	69	128	142	EF
45	56	73	86	AD
34	40	44	55	ME

15	26	30	36	AD

0	11	69	79	EF

0	11	106	116	IN
18	29	34	45	AD
222	233	246	255	ME

48	59	132	141	EF	69	102	132	141	EF

5	38	100	116	EF	5	38	137	162	EF
17	28	32	41	AD	17	28	49	57	AD

91	102	106	123	EF
67	74	87	95	EF
108	114	155	162	AD

26	55	73	98	EF	26	55	100	103	EF


29	39	73	77	AD	29	39	122	125	AD
13	23	75	78	AD

0	10	111	122	ME	12	21	111	122	ME	25	33	111	122	ME


130	140	145	154	IN
32	42	75	85	AD	32	42	87	96	AD	32	42	100	108	AD
58	72	218	228	ME	108	117	218	228	ME	119	127	218	228	ME	129	137	218	228	ME

15	32	45	54	ME


219	228	250	260	AD

31	41	52	59	AD
7	17	43	50	ME	7	17	74	92	ME
65	75	79	86	AD


20	29	42	52	EF
12	19	23	33	AD


12	23	45	62	AD

13	30	72	79	ME
25	38	42	52	AD


340	349	353	361	IN







11	17	107	113	ME
10	16	48	54	ME
50	56	115	123	ME	50	56	125	137	ME	50	56	139	148	ME	50	56	150	161	ME




72	79	82	93	ME





32	52	89	95	EF
54	60	125	150	AD	54	60	153	176	AD
68	86	149	163	EF	88	95	149	163	EF	99	107	149	163	EF






















26	33	48	58	IN
56	63	78	88	EF


58	65	131	145	AD	58	65	147	159	AD	58	65	174	184	AD


37	43	45	58	ME


20	28	166	181	EF
72	79	134	149	EF

50	65	99	115	EF


98	110	128	134	EF


58	64	122	131	ME	66	82	122	131	ME	84	101	122	131	ME	106	116	122	131	ME	239	246	268	277	ME

















82	90	118	124	ME	82	90	132	141	ME	82	90	159	174	ME	82	90	176	185	ME	82	90	187	194	ME	82	90	196	204	ME	82	90	206	215	ME	82	90	217	225	ME	82	90	227	238	ME	82	90	240	249	ME	82	90	251	264	ME	82	90	266	274	ME	82	90	276	284	ME	82	90	286	300	ME	82	90	302	315	ME	82	90	317	330	ME	82	90	332	342	ME	82	90	344	355	ME	82	90	357	368	ME	82	90	370	380	ME	82	90	382	390	ME
27	35	58	70	ME	27	35	79	85	ME	27	35	92	100	ME
43	51	74	86	ME	43	51	104	118	ME
22	30	33	45	EF	22	30	47	58	EF	22	30	74	82	EF
33	56	103	109	EF
31	39	48	61	EF	31	39	63	77	EF	31	39	79	86	EF	31	39	88	96	EF	31	39	98	108	EF	31	39	110	118	EF	31	39	120	129	EF	31	39	135	148	EF	31	39	150	157	EF	31	39	159	167	EF	31	39	169	180	EF	31	39	182	189	EF






56	65	140	144	AD	79	99	140	144	AD	105	121	140	144	AD	124	135	140	144	AD

0	35	187	199	EF	37	41	187	199	EF	49	58	187	199	EF	60	70	187	199	EF	72	81	187	199	EF	83	92	187	199	EF
26	37	43	46	AD































0	9	43	67	EF

0	9	42	55	AD
28	38	56	65	EF
0	9	67	78	EF	0	9	106	120	EF
0	6	36	44	AD
0	9	57	77	EF

0	9	45	58	EF

35	44	48	57	EF

11	20	24	33	AD
86	95	99	117	EF
110	119	144	149	EF
47	58	110	119	EF

21	32	36	45	AD















33	46	66	74	ME








0	10	20	29	ME

67	74	117	125	ME


26	35	82	91	ME
4	13	52	61	ME
30	39	42	51	ME



9	21	61	70	ME

16	21	49	58	ME
43	52	79	84	ME
19	28	58	63	AD















99	106	114	119	EF

53	64	89	97	ME	53	64	119	127	ME	68	79	89	97	ME	68	79	119	127	ME


55	85	146	151	ME	92	101	146	151	ME	104	113	146	151	ME
88	93	129	139	EF















27	33	37	52	ME	27	33	54	63	ME	27	33	65	74	ME	27	33	80	87	ME	27	33	89	100	ME	27	33	105	117	ME
27	33	38	47	ME

19	28	79	86	EF	189	210	242	249	AD

19	30	104	111	ME	19	30	115	123	ME
0	8	266	272	AD	16	23	266	272	AD	62	75	266	272	AD	77	80	266	272	AD	83	106	266	272	AD	117	120	266	272	AD	143	147	266	272	AD	149	158	266	272	AD
0	9	40	46	AD








23	35	75	109	EF	23	35	149	159	EF	23	35	161	172	EF	23	35	174	188	EF	23	35	190	199	EF	23	35	201	209	EF	23	35	211	236	EF	23	35	241	268	EF






27	35	39	51	IN

32	41	49	66	EF





12	22	80	86	AD	12	22	96	105	AD	12	22	112	138	AD	12	22	140	148	AD	12	22	151	159	AD	12	22	161	168	AD	12	22	178	194	AD	12	22	196	204	AD	12	22	207	225	AD	12	22	227	231	AD	12	22	236	255	AD	12	22	257	268	AD














57	69	109	143	EF	57	69	149	154	EF	57	69	194	204	EF	57	69	206	217	EF	57	69	219	233	EF	57	69	235	244	EF	57	69	246	254	EF	57	69	256	281	EF	57	69	286	313	EF








32	41	49	66	IN

38	48	52	60	IN

30	38	47	57	ME
18	24	43	58	EF	18	24	106	119	EF	18	24	121	138	EF	18	24	142	165	EF
27	33	46	62	ME



13	19	34	47	EF	13	19	51	69	EF



16	25	48	55	ME	16	25	57	65	ME	16	25	69	75	ME	16	25	81	90	ME	16	25	114	117	ME	16	25	125	137	ME	16	25	148	151	ME	16	25	154	157	ME	16	25	220	224	ME	16	25	226	235	ME

19	31	78	85	ME	19	31	89	99	ME	42	51	78	85	ME	42	51	89	99	ME


13	25	66	77	ME
43	55	89	100	ME
83	94	153	165	AD

19	28	66	73	EF	167	188	207	214	AD
123	135	144	155	ME


16	25	82	93	ME




74	105	111	119	EF
134	143	149	165	EF

10	35	101	112	AD
16	27	44	55	EF
30	41	82	95	EF
8	14	76	82	EF	8	14	84	97	EF	8	14	99	111	EF
26	41	62	87	EF	26	41	89	93	EF
8	35	97	103	EF	8	35	105	118	EF	8	35	120	132	EF

36	45	62	79	EF
19	28	75	87	ME	19	28	90	98	ME


0	3	34	43	EF
0	30	96	105	EF	32	38	96	105	EF	52	58	96	105	EF









228	234	239	244	EF


11	29	82	95	EF	11	29	102	112	EF	11	29	114	120	EF	11	29	125	131	EF	50	55	82	95	EF	50	55	102	112	EF	50	55	114	120	EF	50	55	125	131	EF
51	61	65	72	ME
84	91	123	133	ME
53	60	91	101	AD
0	8	28	57	EF	0	8	88	102	EF
0	8	71	82	EF
49	58	86	94	AD



14	26	38	46	AD	14	26	49	62	AD
30	48	291	303	EF	50	56	291	303	EF	58	71	291	303	EF	73	81	291	303	EF	83	94	291	303	EF	96	107	291	303	EF	109	126	291	303	EF
24	30	66	80	EF
42	48	81	95	AD

29	37	124	136	EF	39	51	124	136	EF	53	60	124	136	EF	64	77	124	136	EF




22	52	54	59	EF
19	24	71	101	EF	19	24	112	118	EF	19	24	120	134	EF	19	24	141	148	EF	19	24	150	155	EF	19	24	178	186	EF

0	6	56	61	EF

0	11	45	58	EF	0	11	67	77	EF	0	11	79	87	EF	0	11	89	100	EF	0	11	102	116	EF	0	11	118	131	EF	0	11	136	147	EF
0	12	55	65	AD
23	43	51	59	EF	23	43	85	95	EF
39	47	60	70	EF


0	10	20	30	ME

0	5	40	50	EF





46	64	90	110	ME
19	32	58	76	ME	35	44	58	76	ME



0	6	37	45	AD
0	13	39	45	ME	0	13	63	69	EF
26	32	76	94	AD
71	105	167	170	EF	71	105	172	188	EF	71	105	192	208	EF
14	32	36	71	AD
22	39	130	140	EF	41	54	130	140	EF	56	72	130	140	EF	81	94	130	140	EF	105	111	130	140	EF

8	20	51	61	EF	23	46	51	61	EF
18	33	38	48	EF













18	34	61	69	EF



42	64	93	108	AD





19	49	111	114	EF	19	49	116	131	EF	19	49	136	152	EF
14	31	35	69	AD
1	9	45	58	EF

1	13	44	55	EF


22	38	188	195	EF	48	58	188	195	EF	60	73	188	195	EF	75	87	188	195	EF	89	106	188	195	EF	108	131	188	195	EF	139	152	188	195	EF	163	169	188	195	EF




5	15	64	83	EF
23	33	84	114	EF	23	33	121	129	EF	23	33	131	152	EF	23	33	156	167	EF
13	43	76	86	AD


66	71	108	122	EF	66	71	124	133	EF	66	71	135	145	EF	66	71	147	160	EF	66	71	162	192	EF	66	71	194	217	EF	66	71	224	237	EF
0	7	39	44	ME



18	24	118	128	ME	58	65	118	128	ME	67	75	118	128	ME	77	80	118	128	ME
0	10	102	109	AD	0	10	124	131	AD










138	144	157	167	AD	147	152	157	167	AD









42	50	126	152	EF	59	93	126	152	EF	199	207	220	233	AD
30	36	46	80	EF	30	36	91	99	EF


13	21	107	118	ME	36	69	107	118	ME
19	27	53	64	EF
21	29	61	72	AD

67	75	107	116	EF	67	75	120	128	EF


8	16	44	50	ME


9	17	21	27	AD













74	82	104	110	AD









27	29	44	50	IN	27	29	59	93	IN	27	29	132	137	IN	27	29	139	150	IN











15	25	130	138	AD
0	8	27	37	ME


8	15	63	74	EF	8	15	78	99	EF
5	12	116	129	EF




131	137	175	186	AD	131	137	188	199	AD	131	137	201	212	AD	131	137	214	227	AD

51	57	78	89	ME



50	57	81	87	ME

56	62	91	101	ME
47	53	112	123	AD	47	53	126	133	AD
0	6	82	96	ME	0	6	98	134	ME	0	6	143	168	ME





18	30	76	82	ME



31	43	158	181	AD	52	62	158	181	AD	78	97	158	181	AD	104	114	158	181	AD	116	129	158	181	AD

0	22	48	65	EF
24	33	109	118	ME	24	33	120	129	ME	24	33	198	209	ME	24	33	211	219	ME










16	19	21	23	IN
































63	70	74	83	AD






15	22	69	79	AD
0	8	12	21	AD


77	85	101	109	ME



0	8	52	61	ME



90	98	116	124	EF





71	85	108	115	AD



0	7	39	47	EF







23	34	193	200	AD	67	92	193	200	AD




15	22	71	82	AD



129	137	141	148	AD

0	9	89	97	AD

0	8	88	96	AD

0	9	90	98	AD



59	68	137	148	ME
28	34	38	47	EF
10	19	23	29	AD
80	86	102	113	ME
19	25	35	40	AD

39	45	80	92	AD
86	99	103	109	EF
28	34	38	51	AD
4	10	37	46	ME


21	27	60	71	AD
0	6	53	64	ME
16	50	68	79	EF
0	5	45	56	AD
8	14	69	75	ME

19	25	29	35	AD


0	6	29	35	ME
14	20	24	30	AD
34	40	102	105	EF	34	40	107	123	EF	34	40	128	144	EF




34	44	69	75	EF
0	6	10	20	AD

21	27	31	56	EF
31	39	130	136	EF
37	67	70	103	EF	37	67	113	119	EF

0	6	44	52	EF	0	6	56	63	EF


26	35	65	72	EF
5	23	64	71	EF	34	41	64	71	EF










0	12	107	113	EF	14	22	107	113	EF	24	30	107	113	EF	40	46	107	113	EF





0	12	107	113	EF	14	22	107	113	EF	24	30	107	113	EF	40	46	107	113	EF















0	8	106	115	ME


30	47	159	184	EF
48	55	82	96	AD






19	27	100	119	EF


49	57	97	109	EF




97	112	142	150	EF

21	28	49	57	EF
118	126	143	151	EF

0	12	63	70	AD	0	12	72	81	AD
52	63	68	77	EF
16	28	37	54	AD





0	9	49	63	EF	0	9	76	105	EF



29	41	80	88	EF
87	95	99	111	EF

32	40	143	155	ME

14	22	51	63	ME	89	101	161	169	AD
35	46	50	58	IN
10	18	43	51	ME

64	72	76	87	ME

69	77	100	108	ME
49	57	61	69	AD
0	25	38	48	AD

0	6	61	71	AD	0	6	78	86	AD
24	42	72	83	EF

24	44	74	85	EF

58	79	83	97	EF

35	42	45	52	EF
38	45	49	61	AD	84	91	218	230	EF
47	58	152	159	EF









































56	65	99	108	ME
2	11	58	67	AD
55	64	102	111	ME
2	11	30	39	ME



57	64	96	106	EF	57	64	111	131	EF




18	28	33	44	ME
27	38	63	72	ME
22	33	143	152	ME
77	86	91	102	AD
41	52	84	92	ME
37	48	52	60	EF
22	33	115	123	ME
36	47	52	60	AD
18	29	38	46	ME	18	29	49	57	ME



18	29	33	44	ME	18	29	46	55	ME	18	29	58	64	ME
0	11	81	92	AD	13	22	81	92	AD	26	32	81	92	AD
48	73	132	153	EF	48	73	163	174	EF
4	15	37	45	ME	4	15	47	54	ME

62	73	77	85	ME
32	40	91	102	AD
21	32	65	72	EF
70	81	85	92	AD
22	42	78	86	ME
53	64	68	76	AD
65	85	93	110	EF
56	67	75	92	AD
75	86	90	98	EF
52	63	67	103	EF


17	30	50	60	EF	17	30	62	72	EF	17	30	75	88	EF
10	23	28	37	ME

31	42	81	88	EF	49	57	81	88	EF




128	139	169	179	ME

35	46	70	79	EF
18	27	32	43	AD
41	52	84	92	ME
37	48	52	60	EF
36	47	59	67	AD
0	11	42	53	ME	0	11	55	64	ME	0	11	69	86	ME

18	24	36	44	ME	18	24	47	55	ME





33	39	73	84	AD
16	33	84	91	EF	38	49	84	91	EF
27	40	44	56	AD
76	85	106	123	EF
27	38	50	58	ME
26	37	41	49	AD
27	34	39	50	ME
0	2	36	47	ME	4	12	36	47	ME

35	46	73	82	ME












61	67	77	86	ME	61	67	113	122	ME

25	31	35	44	AD

9	27	51	60	EF






121	130	134	141	AD

11	20	46	55	ME
26	35	39	48	AD

13	22	73	84	ME	33	38	73	84	ME

8	42	86	92	ME
53	62	83	89	AD




57	64	104	124	ME

56	65	89	97	ME



110	116	133	146	AD
11	17	51	60	EF
38	44	52	61	ME
26	32	36	45	AD

70	76	95	101	ME
40	51	59	64	ME




80	86	90	107	EF	80	86	109	117	EF	80	86	119	131	EF
52	58	82	98	EF	52	58	100	109	EF	52	58	111	121	EF	52	58	123	132	EF



13	22	60	70	EF
10	19	46	54	ME
16	25	82	89	EF
32	41	75	91	EF



35	45	49	66	ME

29	39	43	54	EF


33	44	94	104	EF
81	92	130	140	EF
23	33	92	101	EF
27	37	86	111	EF
36	46	102	103	EF	36	46	107	116	EF
16	22	37	44	ME
29	40	78	90	EF	29	40	116	127	EF

11	20	58	67	EF

16	30	34	59	EF
11	25	53	62	EF
0	15	17	31	EF

108	117	134	146	EF
32	43	61	84	EF



0	9	52	63	ME

28	36	75	86	EF
42	53	71	79	EF

0	11	48	60	EF
2	13	24	36	EF
19	27	51	67	AD






66	73	95	103	ME






0	9	13	23	EF
15	24	42	52	AD



4	15	48	59	ME

66	77	88	99	AD

142	161	263	272	ME
10	29	66	75	AD



39	50	147	158	ME	39	50	160	169	ME	39	50	177	180	ME	39	50	187	193	ME







39	50	118	126	ME
57	69	147	155	ME






41	54	179	189	ME	57	73	179	189	ME


32	36	41	52	EF










58	62	97	104	ME
123	127	131	138	AD
55	59	63	70	EF







43	48	52	60	ME


0	8	60	72	EF	0	8	74	82	EF	0	8	86	94	EF

19	28	76	87	EF
0	9	33	46	EF
0	8	108	114	EF	10	32	108	114	EF

101	110	114	127	AD













86	98	142	145	ME












99	105	109	119	EF
46	57	125	133	AD
17	45	78	95	AD

19	47	52	60	EF	19	47	64	80	EF
0	29	33	61	ME
0	9	62	72	AD


72	86	131	139	ME	72	86	141	153	ME	72	86	155	162	ME	72	86	204	215	ME





39	48	92	103	ME	39	48	133	140	ME	39	48	184	191	EF	39	48	297	308	EF
46	58	66	96	EF	46	58	101	107	EF	46	58	109	117	EF	46	58	119	127	EF	46	58	134	140	EF	46	58	149	159	EF	46	58	161	172	EF	46	58	174	197	EF	46	58	199	212	EF	46	58	214	226	EF	46	58	228	250	EF	46	58	254	267	EF


44	56	101	113	AD


56	83	261	273	AD	88	98	261	273	AD	100	109	261	273	AD	111	121	261	273	AD	123	130	261	273	AD	134	146	261	273	AD	229	254	261	273	AD




78	96	126	141	ME	78	96	143	156	ME	78	96	163	185	ME	78	96	187	200	ME	78	96	202	227	ME	78	96	262	271	ME
57	75	145	153	ME	57	75	164	179	ME	57	75	181	192	ME	57	75	194	203	ME	57	75	205	213	ME	57	75	217	244	ME	57	75	246	259	ME	57	75	261	270	ME	57	75	272	286	ME	57	75	288	303	ME	57	75	305	317	ME	57	75	319	327	ME	57	75	329	340	ME	57	75	342	355	ME	57	75	357	365	ME	57	75	367	377	ME	57	75	379	387	ME









101	119	123	130	EF








53	63	99	124	EF	53	63	127	150	EF	66	79	99	124	EF	66	79	127	150	EF
0	13	67	77	EF	17	30	67	77	EF



0	9	89	115	EF

17	26	30	41	EF




10	18	52	61	IN	10	18	65	82	IN
41	45	118	138	EF	41	45	140	150	EF	41	45	153	170	EF



70	74	78	95	EF	70	74	106	120	EF	70	74	127	162	EF	70	74	164	168	EF
25	29	44	61	EF
88	92	106	123	AD



24	37	58	64	AD





15	28	38	39	ME	15	28	43	44	ME

54	67	71	85	AD

85	97	116	124	ME

37	43	117	125	AD	37	43	151	164	AD
30	44	49	58	EF	30	44	67	90	EF

10	28	59	67	EF

38	55	71	80	EF

13	21	72	82	EF	13	21	86	99	EF














35	50	125	135	ME	52	70	125	135	ME

18	35	50	61	EF
25	36	60	83	EF	25	36	86	106	EF
0	12	17	27	ME	0	12	30	42	ME	0	12	59	68	ME

13	31	71	81	ME	54	65	71	81	ME



15	26	59	72	EF
18	29	66	82	EF
15	28	112	123	EF
13	24	55	66	ME
12	22	89	100	EF
52	63	80	95	EF
11	22	53	62	EF
36	47	104	114	ME
15	26	55	68	EF
14	25	56	68	ME

10	21	52	60	ME

22	33	45	55	EF
18	29	59	75	EF



48	56	207	214	EF
84	91	149	156	EF
28	35	56	63	AD
5	12	51	58	EF
74	85	116	123	AD
101	135	159	168	EF

18	23	62	74	EF	18	23	85	94	EF
57	62	80	92	AD





31	38	70	91	EF
5	12	17	42	EF	5	12	49	62	EF	5	12	64	74	EF	5	12	78	86	EF	5	12	89	97	EF


57	63	125	137	EF
56	62	69	80	EF
60	67	99	105	AD
1	10	46	52	EF	1	10	54	65	EF	1	10	74	82	EF
1	10	33	53	EF
17	40	63	72	EF



22	31	242	253	ME	53	61	242	253	ME	64	71	242	253	ME	136	140	242	253	ME	142	151	242	253	ME
0	9	34	45	ME
0	8	70	81	ME	13	20	70	81	ME	32	39	70	81	ME
20	26	30	41	ME




5	14	78	85	ME
11	20	76	85	ME


82	93	115	128	ME








9	18	48	60	EF	9	18	62	69	EF



22	40	81	90	ME	58	67	81	90	ME




34	45	80	89	ME








11	25	111	122	EF	11	25	125	131	EF	36	44	111	122	EF	36	44	125	131	EF
10	18	127	138	EF	10	18	140	153	EF	10	18	155	166	EF	10	18	168	180	EF	10	18	190	204	EF	48	62	127	138	EF	48	62	140	153	EF	48	62	155	166	EF	48	62	168	180	EF	48	62	190	204	EF	210	220	254	262	EF

0	7	63	70	ME


0	10	83	90	ME




61	68	120	131	EF











80	86	116	125	EF
75	84	145	174	EF	87	95	145	174	EF

15	39	143	150	EF
79	99	118	127	EF
35	48	91	100	AD






105	112	116	124	EF


15	25	92	95	ME	15	25	98	101	ME
4	17	53	63	EF
0	7	9	27	EF
14	32	59	66	AD
34	40	49	67	ME





19	24	63	69	AD	53	59	63	69	AD
13	18	57	68	ME

23	28	61	72	AD
32	37	76	88	EF
57	62	80	92	AD
75	80	112	121	EF	75	80	125	133	EF

26	32	37	46	AD
8	13	45	51	ME	8	13	78	84	ME


9	14	18	24	AD
21	28	32	37	EF
73	90	103	115	ME






66	77	124	133	AD
27	36	65	71	EF	27	36	73	81	EF	27	36	85	95	EF



65	74	159	173	EF	65	74	176	204	EF	65	74	206	227	EF	65	74	229	242	EF	65	74	245	261	EF	65	74	263	286	EF	65	74	290	303	EF

18	31	108	117	EF	36	47	108	117	EF	49	61	108	117	EF	63	75	108	117	EF	78	86	108	117	EF

4	13	41	59	EF


25	34	104	117	AD




34	47	51	58	ME
30	39	43	50	ME
30	39	43	50	ME
9	16	43	50	ME

9	16	41	48	EF
0	7	66	82	AD	0	7	85	98	AD	0	7	109	115	AD	0	7	117	128	AD	0	7	132	149	AD
0	7	74	81	EF	0	7	83	101	EF	0	7	103	109	EF	0	7	112	118	EF

41	50	55	62	AD	55	62	101	106	IN



61	97	99	109	IN








0	11	75	84	EF

22	33	65	73	ME
87	96	100	111	EF

0	9	53	60	ME

0	9	76	83	EF	20	32	76	83	EF

0	13	50	62	EF



3	7	125	134	ME	10	19	125	134	ME

76	85	89	100	ME



38	42	46	55	EF
53	57	61	72	EF
14	18	36	41	EF	14	18	122	137	EF
78	82	95	100	EF
8	13	39	51	EF





27	34	38	44	AD	68	75	142	148	AD


0	7	58	68	EF	0	7	77	89	EF	16	21	58	68	EF	16	21	77	89	EF
0	9	36	43	ME
21	28	60	71	AD
0	7	82	93	ME	9	22	82	93	ME	31	36	82	93	ME






66	75	150	160	AD	89	109	150	160	AD	115	131	150	160	AD	134	145	150	160	AD

62	72	81	93	AD

26	36	42	45	AD

20	36	69	75	ME	38	43	69	75	ME



0	6	108	118	ME












22	56	187	193	EF	22	56	206	222	EF	58	63	187	193	EF	58	63	206	222	EF	66	76	187	193	EF	66	76	206	222	EF	78	103	187	193	EF	78	103	206	222	EF	108	150	187	193	EF	108	150	206	222	EF
21	29	114	120	EF	21	29	133	149	EF	31	45	114	120	EF	31	45	133	149	EF	47	61	114	120	EF	47	61	133	149	EF	66	81	114	120	EF	66	81	133	149	EF









38	45	46	60	AD	38	45	62	71	AD	38	45	73	81	AD	38	45	82	95	AD	38	45	97	106	AD	38	45	108	118	AD	38	45	132	147	AD	38	45	148	170	AD	38	45	172	179	AD	38	45	180	194	AD	38	45	195	203	AD	38	45	205	213	AD	38	45	231	239	AD
52	59	60	82	AD	52	59	84	92	AD


10	17	57	67	AD
35	42	86	95	AD

28	36	41	48	ME

28	36	41	48	ME

29	38	112	119	ME



31	42	47	54	ME



10	19	86	95	AD
30	39	58	65	AD


28	36	40	47	ME
28	36	88	95	AD
27	34	38	45	ME
0	7	11	18	AD

51	58	63	70	ME



4	11	51	61	ME	4	11	67	77	ME	4	11	79	90	ME	4	11	94	107	ME


4	18	40	47	EF	4	18	50	63	EF

5	15	127	144	AD





0	9	56	68	AD	0	9	75	84	AD	0	9	88	101	AD









28	37	63	70	IN

4	11	33	42	AD





0	13	49	58	ME





4	17	113	122	AD



0	9	13	24	AD

15	23	93	102	AD	25	33	93	102	AD
95	103	131	140	AD





0	9	13	20	AD


64	73	77	85	EF


















57	69	95	118	EF
19	25	60	72	ME




11	20	30	43	ME

12	26	56	76	ME
71	77	128	141	AD



22	33	120	130	AD



128	137	141	159	EF

141	147	151	160	IN	181	187	246	255	AD
53	59	69	75	ME



88	94	153	162	AD
81	89	93	102	ME
89	110	117	126	EF

145	154	172	181	ME


2	11	58	67	AD



15	33	66	75	AD
46	67	98	104	EF
9	15	61	85	EF

150	159	176	185	ME

30	40	83	97	ME


18	26	35	39	ME
18	22	27	35	AD

0	10	82	92	EF
24	28	58	65	EF
0	8	53	63	ME
51	61	77	85	ME



46	57	180	187	ME




52	76	150	155	EF	87	105	150	155	EF	109	121	150	155	EF


18	37	72	85	ME
52	65	82	101	ME
0	14	83	96	ME	22	31	83	96	ME	35	48	83	96	ME



24	36	66	77	EF

58	79	90	97	EF

22	40	69	84	EF	22	40	95	118	EF	22	40	154	164	EF



38	44	95	104	ME
18	26	99	107	EF	18	26	109	121	EF	18	26	126	137	EF	18	26	165	172	EF

22	33	65	73	ME
87	97	101	112	EF

69	80	85	95	ME

0	9	58	71	EF	0	9	82	89	EF	20	30	58	71	EF	20	30	82	89	EF

30	39	64	72	EF	49	59	64	72	EF

90	99	103	113	ME
54	67	105	115	EF
0	12	147	157	AD	39	42	147	157	AD	45	48	147	157	AD	50	57	147	157	AD	60	69	147	157	AD
0	4	153	163	AD	6	15	153	163	AD
4	13	61	68	ME






33	56	96	105	ME
127	150	155	164	EF
63	86	148	157	ME
56	65	114	137	ME
24	47	83	92	EF

76	90	119	141	ME	101	113	119	141	ME

16	24	43	65	EF
62	87	103	122	AD	62	87	125	144	AD






29	52	115	129	AD	29	52	131	144	AD	29	52	146	158	AD	29	52	163	183	AD	29	52	188	198	AD	29	52	200	209	AD	29	52	214	222	AD	29	52	252	260	AD

18	20	84	96	ME





























113	121	145	153	ME
26	34	100	108	AD
13	25	65	73	ME


41	49	60	72	ME


25	33	38	59	EF

51	59	69	78	ME



142	146	160	168	EF
100	104	129	137	ME



113	122	126	136	ME





114	124	207	211	AD	151	160	207	211	AD




















13	19	111	122	ME
99	110	114	120	AD


48	54	58	67	AD

22	30	73	81	EF	22	30	85	94	EF





































27	38	45	58	EF
44	55	118	127	EF

59	70	104	113	EF
93	123	155	166	EF
31	40	71	78	ME

13	30	54	65	ME






21	30	35	47	EF
31	40	44	51	EF
32	37	76	117	EF
68	72	92	101	EF
57	61	79	91	AD
43	49	54	58	EF






43	52	88	96	ME


75	80	112	121	EF	75	80	125	133	EF


8	13	45	51	ME

9	13	17	23	AD

29	33	142	153	ME
105	116	142	150	ME
67	71	75	86	AD


28	32	37	44	ME

12	16	76	87	ME
85	89	129	140	AD


102	106	133	140	AD
60	67	71	79	EF
146	150	167	174	EF


























105	126	352	361	ME	128	134	352	361	ME	136	147	352	361	ME	149	155	352	361	ME	157	166	352	361	ME	168	176	352	361	ME	178	185	352	361	ME	187	196	352	361	ME	198	209	352	361	ME	211	226	352	361	ME	228	235	352	361	ME	237	249	352	361	ME	251	258	352	361	ME	260	269	352	361	ME	271	280	352	361	ME	285	293	352	361	ME

5	12	33	41	AD

62	74	148	157	ME	76	84	148	157	ME	86	98	148	157	ME	100	112	148	157	ME
0	12	44	49	IN
0	12	47	59	IN	0	12	66	72	IN



































60	72	77	89	EF
31	42	47	59	EF
30	39	44	56	EF
30	38	43	55	EF







10	18	64	72	ME


107	115	153	165	ME
55	63	101	109	ME
70	78	116	128	ME	70	78	130	138	ME
110	118	141	149	ME









73	79	130	138	AD	82	90	130	138	AD









35	41	46	55	EF



33	38	77	90	EF
57	62	80	93	AD
75	80	112	121	EF	75	80	125	133	EF

59	68	160	168	ME
27	36	88	96	AD




20	29	79	94	ME
6	21	68	77	ME
8	17	63	69	ME
85	90	110	116	AD


0	9	68	77	ME	0	9	81	90	ME	0	9	179	186	EF

99	104	124	131	AD

37	46	70	81	ME	37	46	85	95	ME
21	30	68	78	ME	21	30	107	118	ME



18	27	65	73	ME

171	179	201	210	AD



20	29	49	58	ME




18	27	31	41	ME

106	118	133	142	AD

16	23	75	84	ME
75	84	204	211	EF






0	11	49	58	ME
42	51	93	104	AD
0	11	54	63	ME
5	14	77	88	AD
99	108	169	180	AD
22	30	63	72	ME
38	47	93	101	AD
0	8	41	50	ME
57	66	69	77	ME
0	8	45	54	ME
51	60	106	114	AD






66	73	101	110	ME

119	128	132	139	AD


49	58	60	69	EF
19	28	108	116	EF
24	33	41	49	EF
24	33	41	49	EF
4	13	36	44	EF
71	80	88	97	EF
38	47	55	64	EF

17	26	54	66	AD
58	67	80	88	ME
26	35	48	56	ME





0	10	72	74	EF

89	98	121	131	EF

0	10	20	29	EF

57	67	71	80	EF

16	26	30	39	AD




16	20	25	34	AD

59	69	73	77	EF
13	23	83	87	AD
53	64	151	155	EF	53	64	216	226	ME	66	74	151	155	EF	66	74	216	226	ME	79	93	151	155	EF	79	93	216	226	ME

50	59	97	107	ME	62	71	97	107	ME


54	64	111	119	AD	54	64	121	128	AD	54	64	140	147	AD
67	77	81	94	ME
12	22	40	50	EF


23	28	69	75	EF


42	47	55	64	EF



44	49	57	68	EF



44	51	55	66	ME



51	58	109	116	ME



36	43	48	59	ME

42	53	94	101	ME





55	64	186	193	ME
27	32	42	51	ME
















































30	31	40	50	EF
24	25	41	49	EF



























0	9	101	115	EF

0	9	64	78	EF



























39	42	198	206	EF






12	17	57	59	EF






















4	11	25	32	EF	4	11	44	51	EF	15	19	25	32	EF	15	19	44	51	EF
4	11	20	26	EF

0	7	65	72	EF	22	26	65	72	EF







22	29	50	58	IN





0	11	69	81	AD	15	26	69	81	AD

0	13	76	94	IN	17	28	76	94	IN










































26	34	38	47	ME

41	49	63	72	ME

0	8	70	79	AD




0	12	64	72	EF
0	12	25	33	EF





















13	21	24	31	EF




0	8	102	109	EF

20	39	43	50	IN



0	8	83	90	EF




32	40	76	83	EF


61	73	95	117	EF	163	175	200	223	AD
0	11	66	73	EF	0	11	76	86	EF





22	32	230	241	EF	48	55	230	241	EF
26	37	170	180	EF	26	37	184	191	EF















16	24	26	33	EF	124	133	150	158	EF	137	145	150	158	EF





13	19	32	33	EF
45	46	70	76	EF
































98	111	115	133	AD



13	31	91	108	IN

















0	8	91	102	EF	0	8	105	115	EF










13	20	24	32	IN


8	16	141	148	ME

14	21	62	70	ME
17	24	72	80	EF
0	7	11	18	IN
25	32	36	43	IN
0	7	36	43	ME
30	37	41	48	ME
12	19	32	39	ME
37	44	94	101	ME
11	18	24	31	EF



























0	9	76	84	ME	0	9	111	133	ME
0	7	42	51	ME



0	9	14	22	EF
0	7	48	57	ME
0	9	43	51	ME	0	9	55	77	ME






























0	9	39	45	EF








21	36	91	113	EF

53	68	93	115	EF













50	58	62	70	ME




57	65	215	223	ME
95	103	116	124	ME

23	31	61	69	ME
61	69	71	79	AD
0	10	56	66	ME








27	37	112	122	ME




















0	8	104	111	EF
0	9	81	86	EF


0	7	89	97	EF



14	22	31	38	EF



48	58	62	75	EF








11	24	80	90	ME
30	49	58	115	EF

12	31	112	123	ME	12	31	125	136	ME	12	31	138	147	ME	12	31	149	159	ME
































62	70	114	123	ME










0	12	35	46	ME
0	11	33	45	ME

0	11	31	43	ME

13	25	30	41	EF	43	55	60	72	EF	77	88	93	105	EF






























78	90	153	158	ME	78	90	165	172	ME	94	106	153	158	ME	94	106	165	172	ME
















0	11	97	106	ME	0	11	168	177	ME







0	7	49	56	EF
10	17	53	61	EF	10	17	90	101	EF
0	8	77	84	EF	0	8	86	94	EF	0	8	123	134	EF








60	68	94	106	EF
38	46	71	83	EF







0	9	42	60	AD	0	9	78	97	AD

















18	27	50	58	ME





































































70	76	155	164	EF














55	62	102	108	EF	64	73	102	108	EF	77	89	102	108	EF
31	37	97	103	EF	31	37	105	112	EF	31	37	116	125	EF




13	23	27	36	IN





14	24	28	37	EF

14	24	28	37	EF

















42	52	97	106	ME	56	68	97	106	ME





33	42	61	71	ME










24	34	100	112	ME

































0	13	88	98	ME
34	47	69	79	EF
























97	106	146	153	EF	97	106	155	164	EF	97	106	166	173	EF	97	106	177	182	EF	97	106	204	215	EF









15	21	32	34	EF


4	10	47	58	EF


21	27	57	59	EF















0	8	83	90	ME



















22	29	157	170	EF	186	193	273	286	EF
26	33	124	131	EF
27	34	150	163	EF	27	34	167	174	EF




17	20	122	130	EF
3	6	71	81	EF	3	6	126	136	EF
0	14	93	101	EF















0	12	58	60	EF	0	12	64	70	EF	16	29	58	60	EF	16	29	64	70	EF

15	27	157	159	EF	15	27	163	169	EF	31	44	157	159	EF	31	44	163	169	EF
0	12	88	90	EF	25	38	88	90	EF
22	34	114	116	EF	53	66	114	116	EF

8	21	91	97	EF
27	39	193	199	EF	27	39	203	205	EF	43	56	193	199	EF	43	56	203	205	EF	74	88	193	199	EF	74	88	203	205	EF	92	100	193	199	EF	92	100	203	205	EF













78	88	92	105	EF
88	101	171	181	EF






0	9	29	35	ME


6	15	50	56	ME




18	24	51	60	ME
0	11	68	71	EF






0	11	46	49	EF

0	11	35	38	ME




83	86	101	112	ME

8	19	40	48	ME
34	45	89	97	ME


44	52	134	145	EF







14	21	76	83	EF
22	29	68	75	EF
10	17	50	57	EF	10	17	125	132	EF

0	10	91	98	EF	0	10	101	103	EF



25	37	67	74	EF



51	63	80	87	EF
9	17	22	38	EF

0	16	40	48	EF





51	61	116	124	ME





50	60	231	239	EF
17	35	103	111	EF













26	33	124	127	EF
















46	49	110	116	EF








0	12	55	61	EF	0	12	106	112	EF






60	66	99	108	EF














44	54	58	68	EF	44	54	71	77	EF


14	24	71	81	EF
14	24	28	34	EF
17	27	111	117	EF














76	88	121	131	EF


14	19	23	26	ME






10	13	51	56	ME	10	13	70	75	ME
49	50	113	118	ME
24	27	44	49	ME





11	19	46	54	EF
32	40	42	50	ME


9	17	56	64	EF















0	9	54	59	EF	13	20	54	59	EF

0	19	75	84	EF	0	19	116	123	EF


62	89	96	105	EF

23	32	70	78	ME





















40	46	109	120	EF





18	20	78	88	EF
21	31	35	37	EF
















22	33	63	70	EF
26	37	65	72	EF






96	105	130	140	ME	96	105	144	151	ME
































18	24	28	36	EF



26	32	62	70	EF















19	25	94	107	EF	29	39	94	107	EF









13	22	26	35	IN






85	94	99	108	EF
92	101	106	115	EF
71	80	85	94	EF

27	36	73	82	EF
























27	35	57	63	ME


91	99	120	126	ME

93	99	103	130	ME

