




0	7	39	43	C4

16	23	115	119	C4	16	23	75	79	C4


145	152	80	84	C4

16	23	58	62	C4
30	37	59	63	C4

5	12	25	44	C4	5	12	46	49	C4

41	48	126	129	C4


166	173	99	102	C3	166	173	99	102	C3








80	88	32	60	C9



0	6	80	81	C4









20	26	70	85	C4	20	26	87	88	C4	20	26	93	116	C4	20	26	118	120	C4	20	26	178	179	C4	20	26	183	185	C4
39	45	100	101	C4




125	128	88	102	C3	125	128	106	109	C3





263	272	240	245	C6	263	272	247	252	C6	62	70	26	30	C6	62	70	32	36	C6	74	85	26	30	C6	74	85	32	36	C6






0	7	55	57	C4	11	19	55	57	C4	0	7	30	33	C4	11	19	30	33	C4
12	23	35	37	C4	49	59	61	64	C4	115	123	101	104	C4	127	131	101	104	C4
37	50	101	103	C4	52	64	101	103	C4	68	78	101	103	C4	37	50	240	242	C4	52	64	240	242	C4	68	78	240	242	C4

74	82	94	99	C4	63	70	94	99	C4	74	82	12	15	C4	74	82	49	52	C4	63	70	12	15	C4	63	70	49	52	C4








0	2	42	54	C4	0	2	56	59	C4	0	2	64	67	C4
81	83	70	78	C4

14	16	58	61	C4	14	16	63	66	C4	14	16	70	78	C4	0	12	58	61	C4	0	12	63	66	C4	0	12	70	78	C4	14	16	35	37	C4	0	12	35	37	C4

0	2	19	27	C3	0	2	29	32	C3
244	246	290	299	C3	150	152	160	163	C4	150	152	186	195	C4	244	246	256	259	C4


112	114	28	31	C4	112	114	35	38	C4	112	114	125	133	C4






25	32	43	52	C3	67	74	43	52	C9	76	90	43	52	C9	95	148	43	52	C9	150	153	43	52	C9



30	44	0	14	C9	30	44	16	20	C9	46	49	0	14	C9	46	49	16	20	C9
40	43	15	19	C9








50	53	14	19	C9





14	15	45	64	C4	14	15	66	69	C4


38	39	23	26	C4


128	138	59	62	C3	140	148	59	62	C3	152	155	59	62	C3	160	167	59	62	C3	50	57	59	62	C3	99	114	59	62	C3	116	126	59	62	C3	192	193	59	62	C4




60	76	193	199	C4


36	46	262	265	C4	36	46	267	271	C4














140	142	65	72	C3	140	142	109	116	C3
130	132	48	51	C3	130	132	77	90	C3
5	7	90	97	C3	5	7	101	104	C3







91	93	67	76	C3	91	93	26	35	C3

































0	14	71	75	C4


0	13	85	89	C4




0	15	97	111	C4
68	74	0	14	C9	68	74	16	17	C9	52	60	0	14	C9	52	60	16	17	C9
0	15	40	41	C4	17	19	40	41	C4
23	25	97	98	C4
11	13	69	71	C4	11	13	75	77	C4	11	13	35	36	C4



75	120	40	44	C4
5	61	98	102	C4




0	8	12	25	C4


83	91	4	6	C3





72	74	167	188	C3	76	81	167	188	C3
104	110	118	122	C4





8	29	128	132	C4	8	29	136	140	C4	61	73	128	132	C4	61	73	136	140	C4














0	103	134	139	C4	105	112	134	139	C4
0	0	63	66	C4	0	0	80	83	C4	17	28	63	66	C4	17	28	80	83	C4
11	47	102	105	C4	11	47	147	150	C4	62	62	102	105	C4	62	62	147	150	C4













0	7	43	60	C4	0	7	66	84	C4

72	75	130	134	C9	80	81	143	146	C9	69	70	121	124	C9




































31	34	21	28	C4
































94	115	18	42	C9	94	115	44	46	C9	94	115	48	57	C9	117	120	18	42	C9	117	120	44	46	C9	117	120	48	57	C9	83	91	18	42	C9	83	91	44	46	C9	83	91	48	57	C9








0	12	59	65	C3	0	12	75	83	C3


50	53	168	173	C3	50	53	177	182	C3	50	53	287	309	C3	50	53	311	313	C3
0	3	27	55	C3	0	3	57	65	C3	0	3	70	74	C3	0	3	75	77	C3
16	25	67	75	C6

9	12	32	40	C3	9	12	44	48	C3	9	12	49	51	C3	82	91	32	40	C4	82	91	44	48	C4	82	91	49	51	C4
23	26	66	74	C3	23	26	36	44	C3


79	87	0	43	C9	79	87	45	47	C9

















16	26	29	33	C4	16	26	69	78	C4


66	73	25	31	C9

29	36	8	12	C9	29	36	14	16	C9	56	74	8	12	C9	56	74	14	16	C9
166	173	176	180	C9	166	173	182	184	C9

















74	79	181	183	C3	112	122	181	183	C3	54	64	181	183	C4	112	122	136	155	C5
0	10	43	45	C3

48	58	105	107	C3
61	66	99	101	C3





25	30	54	56	C3	25	30	128	130	C3	34	44	54	56	C3	34	44	128	130	C3


























54	62	188	192	C9




54	61	12	16	C4	54	61	20	24	C4







78	85	22	26	C4	78	85	92	96	C4


51	66	0	31	C9
237	252	116	124	C9	237	252	84	114	C9	283	298	116	124	C9	283	298	84	114	C9



126	141	16	32	C9	126	141	34	39	C9	126	141	62	93	C9	126	141	95	99	C9
7	14	68	72	C4
33	48	6	10	C9

68	83	31	35	C9

71	79	124	139	C4	71	79	141	145	C4	71	79	31	51	C4	71	79	53	57	C4
12	20	68	70	C4	44	53	68	70	C4
137	145	8	12	C4	153	162	8	12	C4	184	192	8	12	C4	206	215	8	12	C4






42	50	25	29	C4

96	106	118	122	C9
50	60	12	41	C9



130	140	146	150	C9


238	248	213	217	C9










58	72	22	49	C3	58	72	51	54	C3	144	153	109	130	C3	144	153	132	134	C3

27	27	120	128	C4




























26	34	113	116	C4

19	27	55	87	C3	19	27	38	41	C4
173	197	159	162	C3	29	37	82	85	C3


56	65	38	41	C9	56	65	17	36	C9





0	9	50	53	C9

77	89	35	40	C3	77	89	15	33	C3







18	26	79	87	C4





8	16	55	63	C4	8	16	92	100	C4


34	42	98	106	C4




16	25	56	79	C4

108	113	25	31	C9	108	113	0	23	C9	100	105	25	31	C9	100	105	0	23	C9

60	70	73	79	C4

0	9	80	86	C4








36	45	81	88	C4	49	57	92	98	C4













77	94	0	3	C9	77	94	5	34	C9	60	72	0	3	C9	60	72	5	34	C9





















127	137	107	116	C6
0	9	55	89	C3	0	9	91	93	C3	13	21	55	89	C3	13	21	91	93	C3	142	152	55	89	C4	142	152	91	93	C4






19	34	78	88	C3	217	242	78	88	C4











56	66	43	48	C5

84	92	56	71	C4


31	37	49	55	C3





63	69	81	87	C3


91	109	20	24	C9




45	51	6	11	C9



































0	6	21	34	C4
39	50	5	18	C4















































57	65	31	49	C5




0	12	80	83	C4	0	12	85	89	C4







12	14	102	106	C4	12	14	61	64	C4
0	2	175	177	C3	0	2	179	181	C3	0	2	192	202	C3	0	2	214	221	C3	0	2	264	266	C3	0	2	270	272	C3	0	2	36	40	C4	0	2	87	92	C4	0	2	96	100	C4
51	55	31	34	C4	51	55	36	40	C4
14	16	73	76	C4	14	16	78	82	C4
79	81	32	35	C4	79	81	37	41	C4


















0	27	82	106	C4



52	63	79	99	C3









12	23	91	106	C3



0	9	24	50	C4
43	52	15	41	C4










61	71	32	52	C5	73	85	32	52	C5	90	102	32	52	C5

56	63	65	73	C6	86	91	93	101	C6	86	91	106	114	C6	130	137	139	147	C6	130	137	152	160	C6
145	155	11	31	C5	161	173	11	31	C5	182	194	11	31	C5


130	137	207	229	C6	144	149	207	229	C6	161	168	207	229	C6

44	54	15	35	C5	56	68	15	35	C5	73	85	15	35	C5






75	83	32	36	C4	92	101	32	36	C4



81	90	122	134	C4	153	161	122	134	C4	165	172	122	134	C4



91	110	137	140	C3	91	110	144	147	C3	112	115	137	140	C3	112	115	144	147	C3
25	28	40	42	C5	31	36	40	42	C5	75	87	91	93	C6
0	3	37	40	C3	0	3	44	47	C3
47	50	23	26	C3	47	50	30	33	C3

65	77	39	42	C4	65	77	46	49	C4













146	148	99	113	C9	160	169	99	113	C9
44	46	158	173	C3
205	217	228	242	C9	253	262	228	242	C9	266	267	228	242	C9



83	91	34	53	C5


234	242	215	222	C4	268	277	246	256	C4	106	115	74	95	C6

















0	6	15	17	C3	0	6	94	100	C3	0	6	37	54	C4
0	6	10	48	C4



44	53	63	67	C4













0	1	11	17	C4
0	1	22	24	C3	0	1	28	37	C3

0	1	18	22	C3	0	1	24	28	C3	0	1	32	36	C3

35	36	85	87	C3	35	36	98	107	C3	35	36	108	114	C3	35	36	141	145	C3	35	36	147	151	C3	35	36	155	159	C3













0	7	84	115	C3	0	7	117	119	C3	0	7	233	244	C4	0	7	133	155	C4	0	7	157	159	C4



15	19	137	139	C3	23	26	137	139	C3	111	118	137	139	C3	15	19	144	155	C4	23	26	144	155	C4	111	118	144	155	C4










30	34	72	80	C5	45	53	72	80	C5	144	152	72	80	C5	144	152	132	136	C5



























































32	44	130	149	C3









18	28	114	132	C4	18	28	134	136	C4	18	28	139	157	C4	18	28	159	161	C4	18	28	167	174	C4	18	28	176	178	C4
30	40	113	131	C4	30	40	133	137	C4



42	50	3	25	C9



36	45	13	16	C4	49	57	13	16	C4



46	57	99	102	C4	59	66	99	102	C4




76	88	46	48	C3














111	114	17	20	C4


5	8	51	55	C4	5	8	59	69	C4





















28	53	67	70	C4	28	53	72	76	C4

77	102	122	125	C4	77	102	127	131	C4

17	26	34	52	C6

0	9	50	55	C4	0	9	56	74	C4






















0	15	27	46	C4
31	46	67	69	C4





























146	153	164	168	C6






































168	171	61	88	C3	168	171	90	97	C3

6	9	51	53	C3







11	20	51	78	C4	11	20	80	83	C4















45	53	124	148	C9	45	53	150	152	C9	0	5	124	148	C9	0	5	150	152	C9







42	51	148	150	C3	42	51	198	237	C3	42	51	239	243	C3	42	51	85	101	C4

236	245	254	256	C3	236	245	260	264	C3	27	37	114	116	C4	41	50	114	116	C4
51	60	24	41	C5	64	73	24	41	C5

20	29	145	164	C5	33	42	145	164	C5






30	39	113	129	C4	82	91	113	129	C4




65	80	0	19	C9	65	80	21	23	C9	49	62	0	19	C9	49	62	21	23	C9







44	61	70	78	C4


















0	13	62	65	C4	15	22	62	65	C4


25	32	54	57	C4







101	126	213	216	C4	140	151	213	216	C4









0	8	43	54	C6
33	41	9	20	C6


25	33	10	22	C4	25	33	108	119	C4
40	48	58	69	C4	40	48	71	75	C4	40	48	104	108	C4
91	99	109	120	C6








13	22	127	135	C3	159	168	219	225	C3








32	42	70	83	C3














0	2	72	75	C4	0	2	77	79	C4


0	2	75	77	C3	0	2	81	83	C3	0	2	84	90	C3
12	16	74	76	C3	12	16	78	82	C3	60	62	74	76	C3	60	62	78	82	C3
108	110	15	17	C3	108	110	41	43	C3	5	12	15	17	C4	31	38	41	43	C4

0	2	22	24	C4	0	2	28	32	C4
43	45	118	120	C3	43	45	124	126	C3	43	45	127	133	C3	153	155	175	178	C3








15	21	44	48	C3	81	94	44	48	C3	96	100	44	48	C3
17	23	48	52	C3
0	6	60	77	C4	23	27	60	77	C4







6	8	27	29	C3	6	8	57	61	C3	6	8	80	84	C3	6	8	86	88	C3

107	109	39	41	C4




21	28	0	13	C5

























138	145	56	82	C9	138	145	84	87	C9










































42	49	27	30	C9



19	26	0	3	C9	28	40	0	3	C9	45	53	0	3	C9

0	10	19	22	C3	0	10	31	47	C3

0	10	47	61	C3	0	10	63	66	C3












































































28	29	108	127	C4	28	29	129	143	C4	28	29	145	163	C4	28	29	167	196	C4	28	29	198	227	C4	28	29	229	231	C4	28	29	234	240	C4
21	22	240	242	C4	21	22	100	118	C4	21	22	120	122	C4	21	22	125	132	C4	21	22	134	136	C4	21	22	139	159	C4	21	22	161	166	C4	21	22	169	188	C4	21	22	190	191	C4	21	22	214	238	C4






55	64	19	27	C4


14	23	89	97	C4	60	68	89	97	C4
















































5	9	66	71	C4	5	9	75	78	C4

45	49	74	76	C4	45	49	78	81	C4
38	42	54	56	C4	38	42	58	61	C4






114	125	0	5	C4


19	30	105	110	C4

















































0	10	21	32	C9





0	23	72	93	C4	0	23	55	68	C4	25	28	72	93	C4	25	28	55	68	C4





23	32	47	51	C4
50	62	21	23	C9	50	62	5	19	C9
86	94	105	109	C4	48	55	70	72	C4
73	82	97	101	C4





31	33	100	114	C3

25	34	49	53	C4

0	9	109	139	C3	0	9	141	144	C3	11	16	109	139	C3	11	16	141	144	C3





99	102	71	80	C6	99	102	82	86	C6


37	40	69	72	C4	37	40	76	80	C4	37	40	88	90	C4







27	30	62	66	C4
31	34	71	74	C4	31	34	76	84	C4	31	34	86	91	C4	31	34	96	100	C4
25	28	82	85	C4	25	28	89	93	C4	25	28	123	125	C4




















20	27	71	81	C3	20	27	83	89	C3



















0	4	48	65	C4	0	4	67	69	C4	0	4	74	93	C4	0	4	95	98	C4

54	58	66	84	C4	54	58	111	113	C4	54	58	117	120	C4




0	22	31	50	C4
53	69	11	30	C4	70	92	11	30	C4











































5	14	99	102	C3	5	14	29	32	C4



119	128	95	108	C6



















0	13	223	247	C6	15	28	223	247	C6	30	38	223	247	C6	40	49	223	247	C6	51	58	223	247	C6	62	68	223	247	C6
























99	118	65	88	C4
























37	46	97	99	C4	37	46	61	89	C4

9	31	81	85	C3	9	31	75	77	C3	9	31	63	67	C3


21	29	48	50	C4	21	29	54	58	C4



























65	75	0	22	C3	138	159	92	120	C3

























0	5	19	33	C3	0	5	35	38	C3	0	5	60	61	C3

12	17	124	150	C3	12	17	152	155	C3	12	17	54	84	C3	12	17	86	89	C3
104	109	133	135	C3	72	77	86	89	C3






































10	11	148	160	C3	10	11	90	109	C3






















51	60	23	43	C4






16	25	62	64	C4



































106	113	91	95	C4








55	58	0	4	C9





41	50	116	120	C4






278	280	297	312	C3	278	280	324	338	C4

46	48	82	85	C9









0	17	96	114	C4	0	17	116	137	C4	0	17	142	183	C4	19	24	96	114	C4	19	24	116	137	C4	19	24	142	183	C4





0	9	18	37	C6
13	22	44	63	C6








21	30	49	59	C6







0	8	30	33	C4	0	8	35	37	C4	16	27	30	33	C4	16	27	35	37	C4
53	61	32	35	C4	70	81	32	35	C4


43	51	18	21	C4	43	51	101	103	C4	59	72	18	21	C4	59	72	101	103	C4



119	131	25	48	C9	119	131	50	52	C9	119	131	54	62	C9	134	152	25	48	C9	134	152	50	52	C9	134	152	54	62	C9









10	14	36	49	C4	16	27	36	49	C4
14	25	92	97	C4	14	25	103	105	C4	14	25	47	49	C4	14	25	51	90	C4	8	12	92	97	C4	8	12	103	105	C4	8	12	47	49	C4	8	12	51	90	C4






















48	56	84	98	C3



0	10	15	54	C6	0	10	145	150	C9
15	26	58	63	C4




10	21	204	209	C4






64	66	22	26	C3	64	66	28	32	C3	64	66	37	40	C3	64	66	44	48	C3
8	10	28	32	C3	8	10	55	59	C3
19	21	82	89	C3






14	20	149	153	C4
43	55	58	89	C4


108	114	7	22	C4	108	114	26	42	C4	108	114	56	60	C4



0	14	104	106	C4	0	14	23	43	C4


0	7	20	40	C4



0	7	79	84	C4

67	71	83	105	C4	67	71	0	2	C4	67	71	31	33	C4	67	71	37	39	C4
26	40	124	126	C4	26	40	59	61	C4	26	40	79	81	C4
12	19	27	32	C4	12	19	47	57	C4





















55	65	25	35	C4	55	65	39	45	C4	85	88	110	116	C4	85	88	152	162	C4






48	51	16	21	C3
78	81	57	58	C3

30	38	12	27	C4
42	47	108	123	C4	42	47	125	127	C4	51	61	108	123	C4	51	61	125	127	C4	200	208	166	168	C4	210	231	166	168	C4


30	39	47	51	C4

53	62	96	98	C4





173	183	99	119	C9	173	183	121	124	C9

94	104	33	36	C9

17	23	45	48	C9
32	41	12	22	C4	32	41	24	28	C4	45	53	12	22	C4	45	53	24	28	C4
71	80	38	60	C4	82	86	38	60	C4	132	140	94	121	C4

16	24	84	94	C4
4	8	56	70	C4







147	155	41	54	C4	147	155	427	446	C4	157	167	41	54	C4	157	167	427	446	C4	171	182	41	54	C4	171	182	427	446	C4	346	358	427	446	C9













































28	39	109	132	C3	28	39	134	138	C3	28	39	141	159	C3	28	39	161	165	C3	184	192	109	132	C4	184	192	134	138	C4	184	192	141	159	C4	184	192	161	165	C4











82	101	160	169	C4	82	101	171	174	C4	82	101	179	182	C4	103	107	160	169	C4	103	107	171	174	C4	103	107	179	182	C4	0	12	42	47	C4	0	12	49	52	C4	0	12	57	60	C4	14	16	42	47	C4	14	16	49	52	C4	14	16	57	60	C4	82	101	131	134	C4	103	107	131	134	C4
0	2	40	49	C4	0	2	53	56	C4	6	10	40	49	C4	6	10	53	56	C4




140	165	286	289	C4









51	63	115	118	C4	67	78	115	118	C4







102	108	12	15	C9	102	108	17	27	C9	102	108	0	10	C9	102	115	12	15	C9	102	115	17	27	C9	102	115	0	10	C9



98	105	49	52	C3

68	71	35	38	C3	99	105	35	38	C9











































11	22	60	79	C4	11	22	83	103	C4	26	34	60	79	C4	26	34	83	103	C4











159	163	21	46	C3	159	163	48	51	C3	66	74	21	46	C3	66	74	48	51	C3	76	85	21	46	C3	76	85	48	51	C3	104	157	21	46	C3	104	157	48	51	C3





11	20	48	59	C3	22	26	48	59	C3	30	38	48	59	C3
68	77	3	6	C3




40	44	223	226	C3	48	57	223	226	C3	62	68	223	226	C3


81	93	53	70	C4	95	97	53	70	C4





117	119	69	78	C3
0	2	21	30	C3

3	5	14	23	C3
















39	62	18	31	C4	39	62	7	17	C4	74	82	18	31	C4	74	82	7	17	C4

0	8	47	59	C4	10	26	47	59	C4	28	30	47	59	C4
34	57	118	130	C4	34	57	131	144	C4	69	85	118	130	C4	69	85	131	144	C4


14	30	159	166	C4	40	45	159	166	C4	58	81	159	166	C4






















14	22	0	3	C3	26	30	0	3	C3











37	40	99	111	C3


94	106	29	32	C9	94	106	8	27	C9





104	112	17	20	C3	115	123	17	20	C3	140	148	17	20	C3	176	183	17	20	C4	104	112	58	88	C5	104	112	90	94	C5	115	123	58	88	C5	115	123	90	94	C5	176	183	161	165	C6





0	25	81	83	C4	0	25	92	95	C4	0	25	99	102	C4	0	25	110	113	C4	36	38	81	83	C4	36	38	92	95	C4	36	38	99	102	C4	36	38	110	113	C4
16	18	52	55	C4	16	18	57	60	C4	16	18	65	68	C4
9	13	47	50	C4	17	21	47	50	C4

39	80	98	142	C4	39	80	144	147	C4
136	139	152	168	C9








17	24	12	15	C4	47	56	42	45	C4



29	37	11	27	C4







34	58	13	15	C5	60	68	13	15	C5	70	189	13	15	C5	192	197	13	15	C5	199	254	13	15	C5	260	265	13	15	C5	267	320	13	15	C5

76	81	66	68	C5	83	144	66	68	C5	178	182	66	68	C5
50	55	40	42	C5	272	280	297	299	C5	187	196	40	42	C6	241	251	209	230	C6	310	314	297	299	C6	316	400	297	299	C6






73	76	50	58	C3















36	44	158	181	C4



204	214	197	201	C4	247	255	232	236	C4	247	255	240	244	C4	294	304	289	291	C4	174	183	144	164	C4	174	183	166	170	C4



30	32	71	75	C9	67	68	71	75	C9











52	59	63	67	C5	52	59	76	80	C6

0	7	93	97	C5	0	7	108	112	C6




70	77	31	35	C5	70	77	46	50	C6























37	128	20	22	C4


53	99	36	38	C4
11	52	176	178	C4	11	52	182	206	C4


80	90	116	122	C9






52	62	75	81	C9














134	145	166	181	C4























27	29	108	111	C3	27	29	115	119	C3	138	140	173	182	C4












0	14	87	102	C4	0	14	59	64	C4



151	165	15	58	C4	151	165	60	63	C4	151	165	86	95	C4	151	165	97	128	C4	151	165	133	137	C4
145	159	55	59	C4	145	159	61	74	C4	145	159	76	78	C4	145	159	84	118	C4	145	159	120	122	C4
72	86	29	42	C4	72	86	44	46	C4
102	116	197	237	C4	102	116	288	324	C4
69	83	119	133	C4	69	83	156	161	C4

90	109	0	18	C9	90	109	22	36	C9
32	64	0	18	C4

27	29	137	155	C4	27	29	182	196	C4	43	52	137	155	C4	43	52	182	196	C4





43	50	130	143	C4	43	50	147	160	C4


0	8	11	30	C6	0	8	140	156	C6
0	8	11	30	C6
29	37	46	62	C6

75	85	18	34	C6	87	95	18	34	C6	109	121	18	34	C6	123	133	18	34	C6	147	155	18	34	C6	159	165	18	34	C6	167	174	18	34	C6








0	27	48	56	C4	0	27	58	76	C4



















56	63	75	78	C5


















0	12	23	31	C4


47	59	161	173	C4	47	59	175	178	C4	63	68	161	173	C4	63	68	175	178	C4
0	12	93	96	C4
22	34	103	124	C4	22	34	126	130	C4	22	34	133	146	C4	22	34	148	152	C4	22	34	155	167	C4	22	34	169	172	C4


41	53	195	210	C4	41	53	212	216	C4	41	53	218	220	C4	41	53	224	226	C4	41	53	82	111	C4	41	53	113	116	C4	41	53	126	128	C4	41	53	130	162	C4	41	53	164	168	C4




















0	11	73	78	C4	13	21	73	78	C4	26	40	73	78	C4

0	29	74	79	C4	52	58	74	79	C4
0	6	27	32	C4	201	207	127	132	C9	155	199	127	132	C9












39	48	147	149	C4	104	113	147	149	C4





























101	118	0	13	C9





21	35	61	73	C4

12	19	131	134	C4	21	44	131	134	C4

46	59	95	98	C3	66	76	95	98	C3	0	23	95	98	C4
196	206	225	228	C3	175	188	225	228	C3	46	60	115	118	C4	46	60	225	228	C4


195	197	8	23	C9	202	204	25	27	C9	85	103	8	23	C9	85	103	25	27	C9	105	107	8	23	C9	105	107	25	27	C9	195	197	25	27	C9	202	204	8	23	C9	51	69	8	23	C9	51	69	25	27	C9	71	73	8	23	C9	71	73	25	27	C9


56	58	25	27	C9

179	181	137	139	C9	131	133	137	139	C9




















55	75	26	52	C4


170	172	54	74	C4
21	23	55	79	C4	21	23	81	83	C4


43	77	91	123	C9

94	128	144	147	C9	130	132	144	147	C9
56	58	44	52	C9

49	51	80	86	C9	49	51	97	102	C9	49	51	104	109	C9	49	51	111	116	C9	49	51	133	138	C9	49	51	191	194	C9

60	62	96	99	C9	60	62	0	5	C9	66	68	96	99	C9	66	68	0	5	C9	70	83	96	99	C9	70	83	0	5	C9





0	8	104	108	C4	25	30	104	108	C4



23	28	40	58	C3
145	151	161	165	C9	68	74	0	30	C9	68	74	108	112	C9	68	74	32	42	C9













59	68	112	119	C3	26	38	112	119	C3




























0	7	40	60	C4









53	67	70	74	C4	53	67	78	82	C4	175	198	207	218	C4	200	203	207	218	C4








0	17	183	189	C3	0	17	64	70	C3





84	95	122	125	C4


26	37	75	78	C4
92	103	113	116	C4
34	45	100	103	C4
18	29	49	52	C4








































13	16	125	127	C3	13	16	187	195	C3	13	16	44	48	C4







153	168	130	143	C4

185	206	87	91	C9	185	206	94	103	C9	185	206	114	127	C9	185	206	43	55	C9	185	206	57	85	C9














94	102	185	188	C9	142	150	185	188	C9	209	217	185	188	C9

































34	44	175	180	C4	34	44	68	73	C4	34	44	77	81	C4	48	61	68	73	C4	48	61	77	81	C4









93	101	70	72	C4	103	110	70	72	C4	125	132	70	72	C4







































345	361	222	227	C3	363	365	222	227	C3	367	379	222	227	C3




142	154	0	7	C3	142	154	37	42	C3
66	68	20	27	C3	66	68	31	36	C3
81	83	15	20	C3











257	265	188	192	C3	124	131	102	107	C5
42	50	59	63	C3	0	10	59	63	C4	14	21	59	63	C4
83	91	121	129	C6



0	8	19	34	C4	0	8	36	41	C4	10	14	19	34	C4	10	14	36	41	C4



0	2	170	175	C4	5	9	170	175	C4

85	87	32	39	C3	91	95	32	39	C3	106	110	32	39	C3

91	93	64	69	C4	95	99	64	69	C4

28	62	0	16	C4	76	84	0	16	C4


193	205	59	65	C4	193	205	116	118	C4	193	205	123	126	C4	177	189	59	65	C4	177	189	116	118	C4	177	189	123	126	C4





122	128	94	112	C4
0	6	42	60	C4
145	151	124	142	C4


0	6	109	114	C3	0	6	75	81	C3	0	6	85	88	C3	0	6	39	47	C4





83	89	29	35	C3	83	89	37	40	C3	83	89	111	117	C3	83	89	119	122	C3	83	89	29	35	C4	83	89	37	40	C4	83	89	177	195	C4



108	114	207	213	C3	108	114	217	220	C3	108	114	221	226	C3	108	114	172	180	C4	108	114	87	105	C4




104	110	8	37	C9	104	110	48	71	C9



187	195	143	159	C4

44	58	8	27	C4	44	58	29	31	C4	62	68	8	27	C4	62	68	29	31	C4
























0	3	109	112	C4

0	3	42	53	C4	0	3	13	16	C4
123	126	11	14	C4








119	140	25	27	C9	119	140	31	34	C9	71	90	25	27	C9	71	90	31	34	C9














30	38	98	118	C6	39	95	98	118	C6	130	135	178	197	C6	136	175	178	197	C6	212	220	320	338	C6	221	317	320	338	C6





94	112	10	31	C4
100	111	194	206	C4	113	115	194	206	C4	61	71	194	206	C4













12	19	64	70	C3	0	10	64	70	C3	12	19	92	122	C4	0	10	92	122	C4


66	76	88	93	C4	66	76	95	98	C4
0	10	19	24	C4	0	10	26	29	C4	0	10	33	38	C4	0	10	40	44	C4	0	10	72	77	C4	0	10	79	83	C4


157	167	129	141	C5

9	16	125	144	C4	9	16	146	150	C4	69	76	125	144	C4	69	76	146	150	C4


0	14	120	124	C4




0	2	63	67	C4	0	2	51	55	C4	0	2	45	47	C4
20	22	112	116	C4

165	184	118	133	C9	153	162	118	133	C9







83	92	118	132	C3	83	92	134	137	C3





34	43	67	86	C5	45	50	67	86	C5	0	10	67	86	C5	12	19	67	86	C5

















111	121	75	81	C3	111	121	85	108	C3
24	26	111	117	C3	12	22	111	117	C3





0	2	32	40	C3	0	2	12	18	C3

103	105	32	40	C3	103	105	17	23	C3	103	105	25	28	C3	84	87	17	23	C4	84	87	25	28	C4	84	87	32	40	C4
48	51	13	15	C4

98	100	119	125	C3	98	100	129	131	C3	25	39	119	125	C4	25	39	129	131	C4

148	153	0	18	C9	148	153	20	23	C9	67	96	0	18	C9	67	96	20	23	C9	98	101	0	18	C9	98	101	20	23	C9	126	135	0	18	C9	126	135	20	23	C9
10	13	53	56	C3

28	31	22	25	C9








57	63	79	81	C3






