





173	184	238	240	C4	173	184	244	246	C4	186	187	238	240	C4	186	187	244	246	C4	192	210	238	240	C4	192	210	244	246	C4	212	214	238	240	C4	212	214	244	246	C4
23	26	68	70	C3	23	26	74	76	C3	30	34	68	70	C3	30	34	74	76	C3	93	96	136	138	C4	93	96	142	144	C4

51	60	82	89	C4	51	60	6	40	C9
0	9	67	103	C4

86	95	66	73	C4



12	21	44	51	C4	156	165	168	175	C4

36	45	146	153	C4	36	45	92	96	C9

0	8	100	103	C3	0	8	105	130	C3



30	36	45	61	C3	30	36	63	65	C3	0	8	45	61	C4	0	8	63	65	C4
73	81	32	57	C4	73	81	59	62	C4	73	81	94	97	C4
69	77	99	102	C3
24	32	116	119	C3	24	32	121	124	C3	150	158	167	170	C3	24	32	95	102	C4	24	32	106	108	C4














45	83	33	35	C4	85	88	33	35	C4





























87	90	32	37	C9	87	90	39	44	C9	87	90	46	53	C9	87	90	66	69	C9

45	49	21	35	C4

0	4	24	26	C4
48	55	18	20	C4	65	69	18	20	C4	155	162	18	20	C4

0	12	83	85	C4	0	12	83	85	C4
11	19	33	54	C9	11	19	56	58	C9	64	74	33	54	C9	64	74	56	58	C9
31	39	51	53	C9





96	98	17	19	C3	96	98	31	33	C3
141	143	111	113	C3	141	143	125	127	C3	146	148	125	127	C3	16	28	125	127	C4	16	28	111	113	C4
57	65	88	90	C9	57	65	108	110	C9
45	57	12	14	C4	45	57	32	34	C4











13	22	74	81	C3	13	22	51	60	C4	13	22	62	65	C4	13	22	67	69	C4
115	124	38	47	C4	115	124	49	52	C4	115	124	57	59	C4

13	22	70	79	C4	13	22	83	86	C4

0	8	52	70	C4




145	152	0	18	C9	145	152	20	22	C9	155	167	0	18	C9	155	167	20	22	C9	116	123	0	18	C9	116	123	20	22	C9	127	137	0	18	C9	127	137	20	22	C9











37	46	3	19	C5
0	9	85	88	C5
36	45	108	125	C5	85	93	64	77	C5	85	93	108	125	C5	10	20	108	125	C5	21	32	108	125	C5
70	93	134	137	C6	70	93	43	59	C6
43	55	15	28	C5	98	112	184	192	C5	98	112	74	87	C6














12	21	68	72	C9
24	39	52	70	C9	24	39	72	76	C9
60	69	87	91	C9	60	69	115	119	C9

54	63	66	70	C9	54	63	94	98	C9
34	43	61	65	C9	34	43	128	132	C9



70	79	28	32	C9










37	43	65	88	C4











15	18	192	210	C4	15	18	212	213	C4	0	13	192	210	C4	0	13	212	213	C4	21	44	192	210	C4	21	44	212	213	C4	46	50	192	210	C4	46	50	212	213	C4	55	74	192	210	C4	55	74	212	213	C4	76	83	192	210	C4	76	83	212	213	C4






237	244	271	272	C4
13	20	50	51	C4



127	136	174	177	C3	127	136	228	248	C3	127	136	250	255	C3	127	136	96	113	C5	127	136	115	117	C5
24	33	58	61	C4	24	33	65	70	C4	24	33	12	14	C4











6	13	37	39	C4	6	13	41	44	C4
34	41	71	74	C3	34	41	91	94	C3





199	265	167	186	C3	267	271	167	186	C3












35	44	0	4	C9	46	53	0	4	C9	57	62	0	4	C9











56	61	50	54	C4	63	71	50	54	C4	82	90	76	80	C4	92	100	76	80	C4






133	142	42	44	C4






68	87	100	117	C4	89	91	100	117	C4











0	8	80	83	C4




26	34	123	127	C4	26	34	45	48	C4	26	34	91	99	C4	26	34	103	106	C4
57	65	89	92	C4
12	20	30	38	C4
94	102	0	3	C4	94	102	60	63	C4	94	102	67	70	C4
30	38	67	70	C4	30	38	112	115	C4
98	106	37	40	C4	51	59	37	40	C4
79	87	34	49	C4	79	87	61	76	C4

114	122	54	58	C4	114	122	70	74	C4

152	166	205	209	C9
15	27	103	107	C9


42	50	91	95	C4	42	50	142	146	C4
22	30	46	50	C4	22	30	85	89	C4


90	104	28	31	C9	66	75	28	31	C9	79	87	28	31	C9	66	75	0	26	C9	79	87	0	26	C9	90	104	0	26	C9

180	189	3	7	C9	180	189	15	18	C9	180	189	133	136	C9	56	64	3	7	C9	56	64	15	18	C9	56	64	133	136	C9	80	92	3	7	C9	80	92	15	18	C9	80	92	133	136	C9
64	72	27	30	C9
167	175	70	97	C9	167	175	99	101	C9	214	222	70	97	C9	214	222	99	101	C9

56	64	85	88	C9























172	174	43	79	C3	172	174	81	85	C3	177	179	43	79	C3	177	179	81	85	C3

40	42	100	104	C3	46	48	100	104	C3








0	7	89	110	C4	11	18	89	110	C4
140	147	92	102	C3	140	147	14	36	C3	140	147	50	52	C3	140	147	59	61	C3
144	151	98	113	C3	46	53	7	10	C4	57	64	7	10	C4


67	74	24	31	C4	67	74	35	42	C4
78	85	191	193	C4
63	71	0	12	C4	73	78	0	12	C4	63	71	49	53	C4	73	78	49	53	C4



51	56	37	41	C4	58	66	37	41	C4	70	79	37	41	C4



88	96	53	56	C4	88	96	61	65	C4	88	96	39	43	C4
146	154	79	83	C4
78	86	30	34	C3




30	38	64	68	C4	30	38	16	20	C4

0	8	52	56	C4	0	8	96	98	C4	0	8	113	125	C6








35	47	15	19	C4	51	60	15	19	C4








19	20	70	72	C3





13	24	60	62	C6	13	24	64	67	C6
0	8	29	31	C4	0	8	32	36	C4	10	19	32	36	C4


0	8	47	49	C4	0	8	51	53	C4	10	19	47	49	C4	10	19	51	53	C4

56	64	85	87	C4	56	64	94	96	C4	56	64	97	101	C4
13	21	48	50	C4	13	21	51	55	C4



























11	19	85	134	C3	11	19	136	166	C3	11	19	168	171	C3	11	19	182	227	C3	11	19	229	232	C3












36	40	98	100	C3	36	40	102	106	C3	36	40	111	115	C3	36	40	85	88	C3






117	120	22	57	C9	117	120	59	62	C9	122	125	22	57	C9	122	125	59	62	C9	127	129	22	57	C9	127	129	59	62	C9
































25	37	12	17	C5


58	70	12	18	C5	30	37	12	18	C6	41	50	12	18	C6
74	86	23	29	C5	55	64	23	29	C6	41	51	23	29	C6
180	192	96	102	C5
0	7	13	18	C4



0	7	67	88	C3	0	7	124	130	C3












29	36	40	54	C3	29	36	119	134	C3	90	97	40	54	C3	90	97	119	134	C3
















11	18	49	56	C3

31	37	49	55	C3




















132	142	101	120	C6	144	153	101	120	C6	155	164	101	120	C6	169	179	101	120	C6
0	10	48	67	C6	14	23	48	67	C6	85	99	48	67	C6	103	118	48	67	C6






































194	204	249	272	C4	209	239	249	272	C4	0	28	87	111	C9
106	118	58	81	C4





























108	113	41	43	C3	108	113	15	39	C3



















23	47	55	67	C5



















0	20	32	36	C4
73	79	15	40	C9	73	79	42	46	C9
12	32	49	53	C4	12	32	97	101	C4
176	184	149	165	C4




20	40	59	76	C4








101	109	88	91	C4



























24	43	72	77	C3








26	34	9	14	C4



0	20	111	121	C3
























0	22	82	96	C3




0	2	12	39	C3	0	2	41	44	C3	0	2	47	49	C3	0	2	84	108	C4



0	2	23	37	C3
24	26	39	42	C3	24	26	44	46	C3	24	26	108	116	C3	24	26	168	182	C3	24	26	227	245	C3
111	117	24	56	C3
38	44	132	135	C3	38	44	68	130	C3

92	98	53	56	C3

8	14	25	28	C3	150	156	227	230	C3
38	44	53	56	C3







27	37	117	126	C3	27	37	195	204	C3

























25	35	55	57	C4

















131	138	101	105	C6	131	138	106	120	C6




8	17	59	63	C4	8	17	64	78	C4	8	17	205	209	C4	8	17	210	224	C4
103	117	12	25	C4	79	99	12	25	C4

75	91	8	21	C9	93	98	8	21	C9





8	16	151	155	C4	8	16	181	185	C4	102	110	45	49	C4	102	110	73	77	C4






















131	136	3	40	C9	131	136	42	59	C9





















0	9	58	99	C4	0	9	101	105	C4
0	10	19	37	C4	61	69	19	37	C9





















36	45	99	105	C3	36	45	109	115	C3	36	45	65	89	C3















38	48	3	5	C3	38	48	9	11	C3











68	75	79	105	C6	68	75	107	111	C6






0	8	127	132	C9	0	8	51	67	C9	0	8	69	74	C9	0	8	79	84	C9	9	9	127	132	C9	9	9	51	67	C9	9	9	69	74	C9	9	9	79	84	C9
171	181	156	161	C4	90	98	40	45	C9	90	98	58	60	C9	99	99	40	45	C9	99	99	58	60	C9




140	148	124	129	C9
106	116	15	30	C4	106	116	78	95	C4	120	129	15	30	C4	120	129	78	95	C4

75	85	39	56	C4	111	120	39	56	C4









127	137	24	28	C4	148	157	24	28	C4








0	10	55	57	C3






153	180	107	111	C3	184	204	107	111	C3

15	29	142	144	C3


11	19	44	63	C4	11	19	65	68	C4
18	50	77	80	C4	52	55	77	80	C4

12	15	23	26	C4
27	30	51	54	C4

0	7	82	85	C4	0	7	16	28	C6	0	7	30	35	C6




7	14	67	72	C6	48	55	67	72	C6




87	96	41	58	C4
0	9	152	159	C4	0	9	71	109	C4

46	55	15	22	C4	60	69	15	22	C4





46	55	14	21	C4













80	87	0	15	C3	80	87	19	33	C3	91	100	0	15	C3	91	100	19	33	C3
45	54	0	20	C3






0	14	29	65	C4	0	14	67	69	C4	0	14	73	75	C4





0	14	24	26	C3	0	14	52	54	C4
5	19	29	31	C4

71	85	22	24	C3








89	98	34	51	C6	66	75	34	51	C6
53	62	172	196	C6


53	62	72	73	C6


140	148	118	123	C4	140	148	191	196	C4	140	148	205	214	C4	150	158	118	123	C4	150	158	191	196	C4	150	158	205	214	C4	163	170	118	123	C4	163	170	191	196	C4	163	170	205	214	C4
0	8	58	60	C4	0	8	92	100	C4	0	8	102	105	C4	0	8	147	151	C4	0	8	155	164	C4


61	71	79	83	C4
137	147	96	111	C4	137	147	113	117	C4	149	155	96	111	C4	149	155	113	117	C4


















33	42	27	29	C9	33	42	0	25	C9

















57	62	29	34	C4	64	70	29	34	C4	75	83	29	34	C4



0	9	88	106	C6	13	41	88	106	C6

0	9	152	168	C4	13	16	152	168	C4

51	62	80	97	C5	0	9	80	97	C6	13	16	80	97	C6

14	23	61	78	C6	27	30	61	78	C6

130	150	162	180	C4	130	150	187	211	C4	241	250	162	180	C9	241	250	187	211	C9

































80	89	148	151	C4	92	106	148	151	C4


0	7	48	50	C6


156	163	15	17	C6	168	177	15	17	C6	102	112	15	17	C6	115	125	15	17	C6	129	133	15	17	C6	181	188	15	17	C6	192	201	15	17	C6	218	237	15	17	C6
167	177	21	23	C6	179	188	21	23	C6	190	199	21	23	C6	201	209	21	23	C6	211	221	21	23	C6	223	227	21	23	C6	92	99	21	23	C6	101	110	21	23	C6	112	121	21	23	C6	155	165	21	23	C6





























121	131	146	159	C4	121	131	174	180	C4	133	134	146	159	C4	133	134	174	180	C4	98	110	146	159	C4	112	114	146	159	C4

78	85	18	24	C9
36	43	19	20	C9	36	43	22	24	C9









22	32	61	78	C4	34	36	61	78	C4


48	50	80	83	C4
18	20	28	31	C4



0	12	16	19	C5	0	12	23	26	C5


0	12	98	101	C3




5	17	32	35	C5	5	17	25	28	C5










89	99	12	37	C3	89	99	58	81	C3




14	24	54	57	C3	14	24	61	80	C3	14	24	113	117	C3	147	157	188	190	C4	147	157	194	197	C4
102	112	78	81	C3	102	112	85	92	C3	24	32	85	92	C4	49	56	85	92	C4	24	32	11	14	C4	49	56	35	39	C4
119	129	47	50	C3	119	129	62	66	C3	32	36	105	109	C3	119	129	105	109	C3	119	129	105	109	C4	32	36	47	50	C4	32	36	62	66	C4
30	40	72	75	C3	30	40	89	93	C3











0	7	112	114	C3	19	33	112	114	C3	0	7	89	91	C4	19	33	89	91	C4
0	7	101	110	C4	19	33	101	110	C4	35	35	101	110	C4	37	39	101	110	C4


12	12	139	141	C3	14	16	139	141	C3	12	12	37	85	C4	12	12	87	89	C4	12	12	94	97	C4	14	16	37	85	C4	14	16	87	89	C4	14	16	94	97	C4	12	12	114	116	C4	14	16	114	116	C4
30	30	126	134	C3	30	30	138	146	C3	32	34	126	134	C3	32	34	138	146	C3	30	30	160	162	C3	32	34	160	162	C3	30	30	195	197	C4	30	30	199	201	C4	30	30	203	205	C4	30	30	209	211	C4	30	30	213	216	C4	32	34	195	197	C4	32	34	199	201	C4	32	34	203	205	C4	32	34	209	211	C4	32	34	213	216	C4


21	30	47	50	C4	21	30	53	73	C4	34	41	47	50	C4	34	41	53	73	C4
21	30	120	137	C4	21	30	145	148	C4	21	30	150	179	C4	21	30	181	184	C4	34	41	120	137	C4	34	41	145	148	C4	34	41	150	179	C4	34	41	181	184	C4







13	22	7	10	C4
0	7	15	18	C4
61	70	14	17	C4	74	81	14	17	C4

53	63	22	42	C4
55	65	97	117	C4	55	65	119	123	C4





















51	59	103	105	C3	51	59	25	29	C3



0	23	32	36	C4




















47	54	71	74	C4	47	54	13	16	C4









108	116	95	98	C4








16	19	38	43	C3	23	26	38	43	C3
34	37	157	161	C3	41	44	157	161	C3

13	22	53	58	C3	13	22	60	65	C3	13	22	70	79	C3
0	2	42	46	C5	55	57	79	90	C5	55	57	114	123	C5
27	30	49	54	C5	27	30	58	67	C5	27	30	101	106	C5

47	55	31	36	C9


137	145	202	207	C9	147	158	202	207	C9






144	152	23	28	C9	144	152	93	98	C9
3	11	59	64	C9











640	646	601	625	C6	640	646	627	628	C6	728	746	665	666	C6	728	746	716	717	C6














8	16	37	56	C3
43	51	72	91	C3

152	209	127	144	C5	224	232	127	144	C5	104	115	79	96	C5




13	21	42	61	C3	201	207	42	61	C5






102	111	89	90	C6
110	112	96	101	C5



44	55	12	33	C4	44	55	35	40	C4

44	55	81	93	C4
85	96	54	59	C4














































0	14	24	44	C4

0	11	32	47	C4	0	11	49	53	C4	15	20	32	47	C4	15	20	49	53	C4


0	14	24	32	C4	0	14	53	61	C4

































58	70	97	104	C5






43	50	29	33	C4
65	72	46	50	C4	65	72	52	54	C4	74	137	46	50	C4	74	137	52	54	C4


31	38	170	172	C4

138	141	23	39	C9	138	141	41	42	C9










32	43	0	19	C6	47	64	0	19	C6
44	55	104	109	C4	59	76	104	109	C4	44	55	12	31	C6	59	76	12	31	C6





65	76	175	180	C4	80	97	175	180	C4	224	234	175	180	C9	203	213	175	180	C9











65	74	92	97	C3	65	74	153	159	C3	65	74	12	30	C4	65	74	32	35	C4


















177	185	254	267	C3


27	39	53	72	C6
179	186	91	119	C4	0	10	23	36	C4






44	56	88	123	C4	44	56	125	129	C4


116	129	0	29	C9	116	129	33	66	C9









50	62	13	16	C9	50	62	20	23	C9




116	129	0	29	C9	116	129	33	66	C9







83	89	15	18	C3	83	89	20	22	C3	83	89	24	26	C3	91	96	15	18	C4	91	96	20	22	C4	91	96	24	26	C4	91	96	30	35	C4	83	89	30	35	C4
67	72	16	20	C3	67	72	24	27	C3








48	56	29	36	C6	95	104	76	83	C6

37	46	12	17	C6	148	156	131	136	C6








0	10	37	41	C4	0	10	76	106	C4	0	10	108	111	C4


82	92	23	27	C4
0	10	39	43	C4
28	38	56	60	C4

111	123	94	98	C4
8	18	46	50	C4	26	36	46	50	C4
35	47	73	77	C4
















0	12	26	28	C3	0	12	109	122	C3	0	12	124	138	C3	0	12	142	174	C3

0	13	23	25	C3	0	13	87	92	C3	0	13	96	102	C3



















26	27	57	64	C4	26	27	67	78	C4



95	102	17	57	C3	95	102	59	62	C3	106	113	17	57	C3	106	113	59	62	C3





















6	15	42	67	C6	6	15	69	71	C6

















15	23	30	54	C4	15	23	56	74	C4
60	67	34	52	C4













0	8	31	33	C4





0	11	14	35	C4

175	186	90	93	C4

0	11	20	22	C4




79	88	23	35	C4	79	88	41	68	C4






55	73	41	43	C4	55	73	21	39	C4


56	63	3	10	C9
0	7	52	73	C9	0	7	77	82	C9

108	115	3	10	C9
40	47	105	112	C9



28	35	80	87	C9

0	7	9	14	C4	73	86	88	93	C4

40	47	32	37	C9	119	126	96	103	C9
















259	272	34	47	C3	259	272	87	144	C3	259	272	160	197	C3

99	112	24	37	C3	99	112	74	88	C3






















27	37	46	50	C4


0	10	30	34	C4

118	128	81	103	C4	132	140	81	103	C4

26	28	52	56	C9



76	92	195	199	C4	34	46	195	199	C4	48	60	195	199	C4	62	74	195	199	C4	94	104	195	199	C4	106	117	195	199	C4	119	128	195	199	C4	130	138	195	199	C4	143	151	195	199	C4	168	178	195	199	C4
21	32	94	97	C4	36	44	94	97	C4
66	77	106	117	C4
124	126	150	153	C9	191	201	150	153	C9





68	74	115	120	C3	68	74	124	131	C3

32	38	79	84	C3	32	38	70	75	C3	32	38	119	122	C4	32	38	162	164	C4	32	38	168	171	C4


49	78	13	36	C9	82	109	13	36	C9



13	42	129	133	C9

136	165	27	34	C9	168	195	27	34	C9	104	120	27	34	C9	257	286	210	217	C9	288	296	210	217	C9




79	88	35	62	C4	79	88	64	68	C4




79	88	113	116	C9	79	88	120	123	C9



20	30	39	42	C4	20	30	44	48	C4


55	68	91	107	C4	55	68	109	110	C4	70	72	91	107	C4	70	72	109	110	C4



12	13	68	71	C3
19	31	72	74	C4	19	31	78	81	C4
0	11	57	59	C3	0	11	63	66	C3	42	54	57	59	C4	42	54	63	66	C4



205	213	0	10	C5	121	129	0	10	C5
51	59	107	117	C5	51	59	193	203	C5




233	241	22	32	C5	233	241	156	166	C5




44	51	19	36	C5
83	90	58	75	C5
96	105	71	88	C5	110	112	71	88	C5	154	163	183	200	C6
4	6	76	93	C3	10	12	76	93	C3
















31	46	99	128	C4	57	71	99	128	C4












23	31	34	48	C4
65	73	104	118	C4









184	192	227	230	C4	196	205	227	230	C4

51	59	7	11	C4	51	59	13	17	C4	51	59	22	27	C4	51	59	103	107	C4	165	174	239	243	C4
62	71	117	121	C4	62	71	21	25	C4	62	71	27	31	C4	62	71	35	39	C4	90	98	117	121	C4	90	98	21	25	C4	90	98	27	31	C4	90	98	35	39	C4
40	49	26	29	C4	53	61	26	29	C4
170	179	65	67	C4	170	179	193	197	C4












36	43	90	99	C6	47	58	90	99	C6
156	163	97	106	C4	62	65	41	50	C6	69	72	41	50	C6































28	37	16	18	C4


108	116	96	98	C4














143	147	129	132	C4	149	159	129	132	C4	164	172	129	132	C4
0	8	21	31	C4	10	16	21	31	C4


















303	315	317	337	C5

16	28	30	50	C5	0	12	30	50	C5
282	294	21	41	C5	282	294	73	94	C5	282	294	222	243	C5	0	7	21	41	C6	54	62	73	94	C6	109	116	222	243	C6	118	210	222	243	C6






0	2	30	66	C3	0	2	68	72	C3

0	2	35	50	C4	0	2	58	72	C4	0	2	106	108	C4

















































32	43	0	22	C9	81	90	0	22	C9
18	28	140	171	C9	18	28	173	175	C9	18	28	189	197	C9	18	28	201	223	C9	30	31	140	171	C9	30	31	173	175	C9	30	31	189	197	C9	30	31	201	223	C9	109	118	140	171	C9	109	118	173	175	C9	109	118	189	197	C9	109	118	201	223	C9
118	148	101	108	C4	150	157	101	108	C4	49	50	18	26	C9
20	27	54	61	C4
65	72	101	103	C3
13	22	64	71	C3

77	84	59	66	C4



31	32	64	73	C9








25	37	148	166	C4	25	37	197	214	C4	25	37	215	218	C4	25	37	222	225	C4



0	9	18	37	C4








50	65	19	47	C4
48	56	183	211	C4	48	56	213	216	C4	61	69	183	211	C4	61	69	213	216	C4	74	82	183	211	C4	74	82	213	216	C4	89	97	183	211	C4	89	97	213	216	C4	21	30	183	211	C4	21	30	213	216	C4	36	43	183	211	C4	36	43	213	216	C4	4	19	183	211	C4	4	19	213	216	C4
3	12	22	25	C4


23	32	92	95	C4	61	67	92	95	C4

0	10	69	113	C3	0	10	24	49	C4
10	20	118	162	C5	10	20	164	172	C5	10	20	24	49	C6	10	20	51	54	C6




8	18	43	46	C4
68	78	89	92	C4
71	81	50	53	C6	84	93	50	53	C6
65	70	21	24	C3	65	70	73	81	C6
123	133	35	38	C4	123	133	65	69	C4
65	75	109	117	C3	65	75	84	87	C4

15	18	85	94	C3	0	6	85	94	C4



32	35	47	51	C3	32	35	65	71	C3	11	17	47	51	C4	11	17	65	71	C4
40	43	69	78	C3	40	43	80	84	C3	24	30	132	142	C4	24	30	146	154	C4	24	30	69	78	C4	24	30	80	84	C4
25	34	60	62	C3	25	34	64	68	C3	9	15	60	62	C4	9	15	64	68	C4
44	47	112	116	C3	25	31	112	116	C4












0	6	181	187	C3	0	6	67	88	C4	0	6	90	94	C4	0	6	97	101	C4	0	6	102	104	C4	0	6	124	128	C4






0	8	61	80	C3	0	8	134	153	C3









0	8	77	96	C3

0	19	100	120	C3
47	57	112	132	C3	0	13	112	132	C3



67	77	0	44	C3	67	77	46	54	C3	81	89	0	44	C3	81	89	46	54	C3	67	77	99	117	C3	81	89	99	117	C3
83	86	0	17	C9	83	86	19	22	C9


5	15	54	58	C3



120	130	14	18	C3	133	141	14	18	C3
128	138	101	105	C3	142	150	101	105	C3





















































93	99	0	19	C9	93	99	21	24	C9	93	99	29	65	C9	93	99	67	70	C9






72	78	5	8	C3	72	78	5	8	C3
20	26	59	62	C3	40	42	59	62	C3








34	37	181	185	C4

0	3	56	58	C4	0	3	60	78	C4



89	114	137	139	C9	116	121	137	139	C9

11	14	24	27	C4	37	42	24	27	C9

36	39	57	60	C4	70	76	57	60	C9
9	12	46	49	C4	26	37	46	49	C9










4	9	159	168	C6	13	19	159	168	C6



79	88	61	68	C4

36	45	98	105	C4








38	61	62	72	C4
104	112	123	125	C4	104	112	136	146	C4


31	55	75	78	C4
9	27	85	88	C4	9	27	89	102	C4





















39	49	15	27	C4
0	10	43	62	C4	0	10	63	73	C4

12	22	45	47	C3


30	40	71	73	C3













38	46	25	28	C4

4	10	96	99	C3	4	10	77	83	C4	4	10	51	54	C4

25	33	53	56	C4	25	33	60	63	C4	25	33	12	15	C4	25	33	65	76	C4


29	37	12	15	C4



40	64	75	117	C9	40	64	119	135	C9	66	68	75	117	C9	66	68	119	135	C9	18	29	75	117	C9	18	29	119	135	C9




















181	204	100	120	C4	181	204	128	135	C4	181	204	57	85	C4	181	204	87	92	C4	206	210	100	120	C4	206	210	128	135	C4	206	210	57	85	C4	206	210	87	92	C4
67	71	26	31	C4




25	31	61	82	C4	25	31	84	87	C4	25	31	90	104	C4	25	31	106	110	C4	25	31	39	42	C4



31	39	90	93	C3	31	39	95	99	C3



























82	91	104	114	C6
44	51	16	32	C6	99	103	69	87	C6










25	37	150	154	C4	25	37	156	158	C4	52	60	150	154	C4	52	60	156	158	C4	91	103	150	154	C4	91	103	156	158	C4	105	127	150	154	C4	105	127	156	158	C4
68	78	0	37	C9



100	110	140	164	C9


104	118	32	69	C9	104	118	71	75	C9
149	163	6	10	C9	149	163	12	16	C9	149	163	94	98	C9	149	163	124	128	C9






0	7	51	59	C3	0	7	70	74	C4
89	96	33	38	C4	89	96	42	46	C4



97	109	0	4	C3	97	109	34	48	C3
109	121	101	105	C3	109	121	76	80	C3
16	28	30	44	C3	16	28	45	47	C3



24	36	53	57	C3


















182	190	166	172	C4
105	107	29	35	C4	105	107	39	42	C4







83	93	115	156	C5	83	93	34	60	C6
































0	6	99	100	C4

202	208	96	114	C4	202	208	116	117	C4











34	43	65	110	C4








27	36	56	59	C4




























































25	64	74	77	C4	25	64	78	83	C4
89	113	51	62	C4	89	113	64	67	C4




















22	30	117	133	C4	22	30	135	139	C4	10	18	117	133	C4	10	18	135	139	C4

102	110	87	91	C4	114	122	87	91	C4




















14	22	34	36	C5	14	22	38	40	C5


0	8	106	110	C5	0	8	112	116	C5
61	69	109	113	C5	61	69	117	121	C5






















32	42	7	22	C4	81	89	46	64	C6	91	99	46	64	C6	101	108	46	64	C6	110	119	46	64	C6	123	131	46	64	C6





37	46	76	80	C6	37	46	82	87	C6	37	46	88	115	C6	53	63	76	80	C6	53	63	82	87	C6	53	63	88	115	C6


0	9	21	27	C6







31	42	146	152	C3























0	9	31	46	C4








31	37	45	63	C6
47	53	10	28	C6









96	102	179	180	C6








0	9	68	70	C3

0	9	69	82	C9

































0	8	76	95	C3

66	74	27	30	C3	66	74	36	37	C3
55	63	87	88	C3
121	136	169	170	C3	140	155	169	170	C3

0	8	20	22	C3	0	8	24	60	C3	0	8	81	82	C3
14	22	31	34	C3	14	22	48	49	C3	83	91	100	103	C3
0	8	34	37	C3	0	8	39	61	C3	0	8	66	69	C3	0	8	72	73	C3
20	28	103	108	C3	20	28	110	113	C3	20	28	117	120	C3	20	28	124	125	C3
47	55	64	67	C3


74	81	106	125	C4	74	81	135	143	C4	74	81	145	148	C4















0	8	67	68	C5	0	8	67	68	C6








0	10	46	47	C4	0	10	19	20	C6














74	78	89	113	C4
148	153	0	19	C3	148	153	21	24	C3	40	54	0	19	C4	40	54	21	24	C4	55	59	0	19	C4	55	59	21	24	C4	61	107	0	19	C4	61	107	21	24	C4

147	151	174	177	C4







65	69	80	83	C4





72	74	0	2	C4	78	106	0	2	C4	108	110	0	2	C4



0	2	58	69	C3	0	2	50	57	C3	82	84	58	69	C3	82	84	50	57	C3

44	46	26	34	C3	72	74	26	34	C3






20	50	105	113	C3
33	63	86	94	C3
144	151	153	161	C4
49	79	149	157	C3









8	10	76	80	C3

207	209	155	162	C3	0	5	155	162	C3	22	29	155	162	C3	207	209	175	185	C3	207	209	129	131	C3	0	5	175	185	C4	207	209	133	136	C4	0	5	78	82	C4	0	5	129	131	C4	0	5	133	136	C4	22	29	78	82	C4	22	29	129	131	C4	22	29	133	136	C4



177	189	216	219	C4































18	29	50	52	C4	18	29	32	48	C4



0	11	67	70	C3	0	11	74	78	C3

33	38	7	11	C3


12	17	29	33	C5

24	29	100	104	C5


52	70	39	41	C6











109	127	96	98	C6







201	212	195	199	C4	214	221	195	199	C4	223	227	195	199	C4	88	93	46	57	C9

109	116	88	99	C4
164	174	76	87	C4	164	174	127	135	C4	164	174	139	142	C4	164	174	76	87	C4	164	174	127	135	C4	164	174	139	142	C4	47	56	12	16	C9
79	89	135	139	C3
32	43	88	93	C3	115	125	88	93	C4






























91	96	138	146	C3	91	96	150	158	C3
103	108	21	29	C3	103	108	33	41	C3

72	85	0	27	C4	72	85	29	33	C4

7	19	28	32	C3
30	43	67	88	C4



















89	100	149	162	C5




98	106	42	54	C4






128	136	13	23	C4	128	136	78	82	C4	128	136	84	88	C4	128	136	92	96	C4	128	136	192	202	C4



90	97	0	21	C9


89	96	16	19	C9


103	130	3	6	C9	134	142	3	6	C9
31	40	69	72	C4









0	3	16	34	C3	163	165	16	34	C3

0	3	101	123	C3
















49	58	9	12	C4	62	68	9	12	C4
12	17	113	118	C3

22	34	60	72	C6





0	8	92	115	C4



























0	1	46	54	C3	5	7	46	54	C3





























0	12	157	168	C5	14	16	157	168	C5	19	31	157	168	C5	33	34	157	168	C5

106	107	93	97	C5	122	124	93	97	C5	14	15	93	97	C5
49	50	108	109	C5

57	58	69	73	C5
















65	74	51	53	C6























11	17	38	58	C4	11	17	60	64	C4	11	17	67	73	C4	11	17	78	84	C4	11	17	98	122	C4	11	17	124	129	C4	11	17	131	135	C4	11	17	139	143	C4






























5	15	45	53	C4


71	81	22	27	C4


56	66	30	34	C3	56	66	38	42	C3

122	132	96	111	C4	39	74	96	111	C4

12	18	82	86	C4	27	39	82	86	C4	47	52	82	86	C4	54	63	82	86	C4	68	73	82	86	C4

0	7	115	119	C4









81	87	48	51	C4	108	118	48	51	C4	26	27	48	51	C9	33	44	48	51	C9
29	30	71	75	C9















69	78	21	25	C6	69	78	26	41	C6


83	92	222	237	C4	83	92	251	255	C4
0	9	45	57	C4

97	106	12	16	C4	97	106	17	32	C4








106	112	144	152	C3	182	188	144	152	C3



50	56	79	83	C3

42	48	57	61	C3

13	22	49	61	C3	145	151	98	102	C3	145	151	104	108	C3




27	57	121	123	C4	27	57	127	130	C4
72	102	132	135	C4

54	75	0	9	C9
41	51	0	9	C9	79	87	0	9	C9



29	42	0	12	C4	44	59	0	12	C4	64	74	0	12	C4
0	7	42	51	C4






63	76	29	46	C9	140	164	29	46	C9

















8	16	54	77	C4	96	102	54	77	C4	105	115	54	77	C4








0	10	17	32	C4
























70	81	33	36	C3	70	81	12	31	C3
































































107	113	10	19	C3	107	113	23	47	C3










31	33	58	60	C4
12	14	54	57	C4
0	2	111	115	C3	0	2	80	92	C4	0	2	66	69	C4


80	87	99	112	C4



















0	6	42	45	C3	0	6	47	51	C3




0	6	127	129	C4	0	6	131	135	C4	0	6	140	142	C4
5	11	21	24	C3	5	11	110	113	C3
29	40	23	26	C3	44	65	23	26	C3


45	51	79	82	C3	45	51	170	173	C3





























121	134	85	96	C9	138	149	85	96	C9




15	24	101	124	C4	15	24	126	136	C4	15	24	72	99	C4	26	38	101	124	C4	26	38	126	136	C4	26	38	72	99	C4	42	49	101	124	C4	42	49	126	136	C4	42	49	72	99	C4	0	13	101	124	C4	0	13	126	136	C4	0	13	72	99	C4


























68	75	54	56	C4	68	75	32	52	C4






103	113	81	85	C4
116	129	17	34	C9	116	129	47	81	C9
24	37	55	59	C4
25	35	60	64	C4	37	39	60	64	C4	134	136	156	160	C4

140	168	125	129	C9	170	172	125	129	C9



















0	8	108	110	C4	0	8	114	116	C4



27	35	40	42	C4	27	35	45	47	C4




5	13	151	153	C4	5	13	157	159	C4
55	63	16	20	C4












58	68	81	85	C3



50	54	24	28	C3	133	147	24	28	C4

19	23	98	102	C4






































0	9	12	16	C6


0	9	96	122	C4	0	9	124	128	C4	0	9	150	154	C4	0	9	87	95	C4	11	17	96	122	C4	11	17	124	128	C4	11	17	150	154	C4	11	17	87	95	C4	41	48	96	122	C4	41	48	124	128	C4	41	48	150	154	C4	41	48	87	95	C4


27	36	59	73	C6
13	49	91	93	C6	13	49	75	89	C6
22	91	192	194	C6	93	102	192	194	C6	104	109	192	194	C6






























62	72	37	54	C5

409	420	385	401	C5















85	96	58	72	C4



17	21	90	92	C9	17	21	97	123	C9	17	21	125	127	C9	17	21	64	88	C9	0	15	90	92	C9	0	15	97	123	C9	0	15	125	127	C9	0	15	64	88	C9	40	49	90	92	C9	40	49	97	123	C9	40	49	125	127	C9	40	49	64	88	C9


62	66	87	89	C9	62	66	93	95	C9

0	8	37	39	C3	0	8	59	61	C4
31	49	61	63	C4	51	53	61	63	C4	169	173	138	140	C9
177	185	12	21	C3	177	185	23	24	C3	177	185	64	65	C3	177	185	71	88	C3	177	185	90	94	C3	177	185	99	118	C3	177	185	120	124	C3
34	38	67	68	C4	34	38	83	87	C4	34	38	101	105	C4
101	119	180	181	C3	101	119	210	214	C3	101	119	218	222	C3	121	124	180	181	C3	121	124	210	214	C3	121	124	218	222	C3
50	54	70	71	C9	50	54	73	77	C9
14	33	67	81	C4	14	33	85	106	C4
105	119	49	54	C9	105	119	59	82	C9	105	119	84	90	C9	105	119	31	47	C9
106	112	177	205	C4	106	112	207	215	C4	106	112	117	160	C4	106	112	162	172	C4



17	24	28	44	C4




0	7	11	27	C4












74	77	86	91	C9	74	77	34	55	C9	81	84	86	91	C9	81	84	34	55	C9


62	65	11	16	C9	69	72	11	16	C9	128	131	11	16	C9	154	157	11	16	C9
25	36	5	7	C4	101	104	5	7	C9	108	111	5	7	C9





134	140	11	55	C9	134	140	57	60	C9	144	150	11	55	C9	144	150	57	60	C9	123	131	11	55	C9	123	131	57	60	C9

121	129	38	41	C9













217	235	256	275	C3






59	72	11	13	C4













25	35	79	109	C3	25	35	48	77	C3	25	35	140	157	C4



0	10	83	94	C3	0	10	96	109	C3	0	10	111	124	C3	0	10	129	159	C3	0	10	161	164	C3	0	10	47	56	C3	0	10	79	81	C3
0	10	72	81	C3	0	10	36	38	C4	0	10	136	138	C4
7	17	82	85	C3	7	17	38	41	C3	7	17	25	34	C3

5	15	28	30	C3	5	15	57	59	C4

67	75	12	32	C3
126	140	84	102	C5

74	88	121	135	C5
49	60	24	38	C6	49	60	74	89	C6



106	117	41	56	C6	106	117	176	192	C6
41	49	86	119	C3	41	49	120	125	C3
36	44	62	81	C5












90	98	11	17	C9	90	98	21	27	C9	53	79	11	17	C9	53	79	21	27	C9




38	61	225	231	C9	38	61	234	240	C9	63	78	225	231	C9	63	78	234	240	C9	83	111	225	231	C9	83	111	234	240	C9	113	117	225	231	C9	113	117	234	240	C9

35	58	98	104	C9	35	58	19	25	C9
34	60	108	111	C9	62	65	108	111	C9
51	54	77	83	C9


49	58	114	141	C9	49	58	147	160	C9	49	58	162	165	C9	49	58	167	199	C9	49	58	201	205	C9	49	58	211	215	C9	49	58	220	224	C9	49	58	234	275	C9	49	58	277	281	C9	49	58	284	288	C9	49	58	293	297	C9	66	74	114	141	C9	66	74	147	160	C9	66	74	162	165	C9	66	74	167	199	C9	66	74	201	205	C9	66	74	211	215	C9	66	74	220	224	C9	66	74	234	275	C9	66	74	277	281	C9	66	74	284	288	C9	66	74	293	297	C9	78	84	114	141	C9	78	84	147	160	C9	78	84	162	165	C9	78	84	167	199	C9	78	84	201	205	C9	78	84	211	215	C9	78	84	234	275	C9	78	84	277	281	C9	78	84	284	288	C9	78	84	293	297	C9

30	36	187	191	C9	30	36	193	197	C9	30	36	202	206	C9	66	72	187	191	C9	66	72	193	197	C9	66	72	202	206	C9	80	105	187	191	C9	80	105	193	197	C9	80	105	202	206	C9	107	109	187	191	C9	107	109	193	197	C9	107	109	202	206	C9










0	3	54	81	C4	0	3	83	86	C4	0	3	91	106	C4	0	3	108	112	C4
13	16	54	62	C4	13	16	73	93	C4	13	16	95	99	C4	13	16	102	119	C4	13	16	124	127	C4

0	3	41	43	C4	0	3	45	47	C4	0	3	52	54	C4
12	15	82	84	C4	12	15	56	73	C4	12	15	77	81	C4
50	53	101	105	C4	50	53	109	112	C4







62	68	13	32	C4	72	81	13	32	C4
109	122	43	62	C4	109	122	223	242	C4	124	134	43	62	C4	124	134	223	242	C4	136	147	43	62	C4	136	147	223	242	C4	149	162	43	62	C4	149	162	223	242	C4	164	172	43	62	C4	164	172	223	242	C4	174	180	43	62	C4	174	180	223	242	C4	64	73	43	62	C4	64	73	223	242	C4	75	85	43	62	C4	75	85	223	242	C4	87	99	43	62	C4	87	99	223	242	C4	101	107	43	62	C4	101	107	223	242	C4















61	82	137	141	C9	84	94	137	141	C9	96	105	137	141	C9	110	130	137	141	C9


94	115	0	5	C9	117	126	0	5	C9	131	151	0	5	C9
11	21	43	48	C9






















50	60	12	40	C4	76	85	12	40	C4	88	95	12	40	C4








34	44	20	24	C4




110	120	3	15	C3	110	120	17	21	C3


























128	136	52	54	C3	140	151	52	54	C3




43	49	15	19	C3	51	57	15	19	C3	62	68	15	19	C3

0	9	50	62	C4	0	9	98	116	C6	0	9	12	30	C6
11	20	23	51	C6	11	20	53	59	C6
45	54	63	75	C4	45	54	77	80	C4


37	46	85	88	C4



0	9	30	33	C4

33	42	51	54	C4	33	42	89	95	C6


87	95	59	72	C4

54	64	90	102	C4















39	41	43	45	C5	0	8	43	45	C5	12	37	43	45	C5


39	57	3	22	C5	30	37	3	22	C5







97	100	37	40	C9	97	100	44	46	C9
20	32	51	79	C6
117	120	147	166	C9	117	120	75	95	C9















54	55	93	95	C4	131	132	93	95	C4





100	104	112	116	C4	100	104	118	120	C4	100	104	121	126	C4























0	12	23	27	C4




























0	2	28	44	C3	0	2	97	108	C3
0	2	16	19	C3	0	2	21	24	C3	0	2	28	31	C3

100	112	22	25	C3	100	112	29	32	C3


62	72	139	161	C3
116	126	72	94	C3

257	266	208	228	C4
27	37	132	153	C6	41	53	132	153	C6	178	188	132	153	C6	190	201	132	153	C6	206	213	132	153	C6


146	158	88	110	C5	132	142	88	110	C6
25	35	38	65	C6

89	104	0	26	C9	89	104	28	31	C9	111	117	0	26	C9	111	117	28	31	C9	119	126	0	26	C9	119	126	28	31	C9	136	141	0	26	C9	136	141	28	31	C9






96	111	20	23	C9


60	68	34	50	C4

84	92	51	67	C4	84	92	69	73	C4

67	75	31	35	C4



27	35	112	117	C4	27	35	38	43	C4	54	63	112	117	C9	54	63	38	43	C9
140	148	58	62	C4	140	148	67	72	C4	140	148	204	209	C4	104	112	58	62	C4	104	112	67	72	C4	104	112	204	209	C4	150	158	58	62	C9	150	158	67	72	C9	150	158	204	209	C9	83	91	58	62	C9	83	91	67	72	C9	83	91	204	209	C9


113	130	136	140	C4






3	10	80	99	C4	17	38	80	99	C4	40	49	80	99	C4
24	33	47	49	C3



18	27	57	59	C3	18	27	68	77	C3










74	89	0	17	C5	74	89	28	37	C6
0	15	110	127	C5	17	19	110	127	C5	0	15	138	139	C6	17	19	138	139	C6







31	47	55	75	C4
19	28	60	80	C4








141	150	168	171	C9	141	150	173	176	C9	141	150	178	181	C9	141	150	185	188	C9
73	82	18	39	C4



77	102	0	2	C9	38	46	0	2	C9	64	74	0	2	C9
62	71	54	56	C4	62	71	150	152	C4






50	59	122	124	C4

70	74	0	21	C9	70	74	23	25	C9	50	58	0	21	C9	50	58	23	25	C9

35	46	25	27	C4



61	70	87	92	C3



0	11	152	162	C3
28	37	136	141	C3	28	37	143	148	C3	28	37	152	162	C3









38	50	0	22	C3

35	40	3	24	C6	42	53	3	24	C6




















25	115	129	138	C4












91	120	0	3	C3
98	141	34	47	C3	147	149	34	47	C3









131	137	67	70	C3
80	90	0	5	C9	80	90	39	55	C9	104	110	0	5	C9	104	110	39	55	C9















39	48	3	8	C3	39	48	57	62	C3




10	27	60	67	C4












9	18	30	49	C6
0	9	31	50	C6	11	18	31	50	C6







0	17	99	120	C4	0	17	125	166	C4	0	17	79	97	C4	19	24	99	120	C4	19	24	125	166	C4	19	24	79	97	C4	26	33	99	120	C4	26	33	125	166	C4	26	33	79	97	C4









54	62	22	23	C3	31	40	22	23	C5
99	191	85	88	C6	193	198	85	88	C6



0	9	34	53	C4	0	9	97	115	C6



215	225	186	205	C4
22	31	112	131	C4	22	31	168	186	C4	65	77	112	131	C5	22	31	168	186	C6











38	52	22	37	C9

0	5	40	54	C9	0	5	56	58	C9	0	5	63	85	C9	0	5	87	90	C9	23	37	40	54	C9	23	37	56	58	C9	23	37	63	85	C9	23	37	87	90	C9




32	39	0	4	C6	32	39	8	20	C6	43	53	0	4	C6	43	53	8	20	C6	80	90	64	68	C6	94	100	64	68	C6



21	39	42	46	C4




43	45	54	58	C4

0	2	100	109	C4	0	2	28	37	C4	0	2	61	65	C4




























166	172	212	214	C4	166	172	226	230	C4	166	172	232	235	C4	175	183	212	214	C4	175	183	226	230	C4	175	183	232	235	C4












89	99	40	61	C4	103	115	40	61	C4
53	72	213	225	C4	53	72	226	242	C4	53	72	244	245	C4	53	72	247	255	C4	74	87	213	225	C4	74	87	226	242	C4	74	87	244	245	C4	74	87	247	255	C4	89	99	213	225	C4	89	99	226	242	C4	89	99	244	245	C4	89	99	247	255	C4	101	111	213	225	C4	101	111	226	242	C4	101	111	244	245	C4	101	111	247	255	C4	9	21	213	225	C4	9	21	226	242	C4	9	21	244	245	C4	9	21	247	255	C4	113	122	213	225	C4	113	122	226	242	C4	113	122	244	245	C4	113	122	247	255	C4	124	135	213	225	C4	124	135	226	242	C4	124	135	244	245	C4	124	135	247	255	C4	137	145	213	225	C4	137	145	226	242	C4	137	145	244	245	C4	137	145	247	255	C4	150	160	213	225	C4	150	160	226	242	C4	150	160	244	245	C4	150	160	247	255	C4	25	30	213	225	C4	25	30	226	242	C4	25	30	244	245	C4	25	30	247	255	C4

0	6	42	43	C4	82	93	42	43	C4	95	104	42	43	C4	124	132	42	43	C4





































107	116	63	96	C4	120	128	63	96	C4





52	59	43	48	C9



0	9	18	30	C4





105	114	55	59	C4

98	107	68	72	C4
22	31	64	68	C4
36	45	86	90	C4

0	5	32	40	C3





16	21	79	92	C3	16	21	96	104	C3	16	21	198	202	C3	16	21	165	168	C3




0	10	40	44	C4






0	10	101	111	C3	0	10	18	22	C4	0	10	57	61	C4	0	10	70	77	C4	0	10	79	82	C4



28	38	72	76	C4



















88	96	18	22	C4	88	96	27	31	C4	41	51	18	22	C9	41	51	27	31	C9

84	100	0	4	C9	151	161	0	4	C9
36	46	0	4	C9
85	93	15	19	C4	85	93	28	56	C4
68	72	82	86	C4	68	72	172	176	C4	18	20	82	86	C4	18	20	172	176	C4	23	65	82	86	C4	23	65	172	176	C4	96	106	82	86	C9
13	21	113	117	C4	13	21	29	33	C4

48	56	25	29	C4	48	56	33	37	C4

37	52	56	60	C9


101	107	174	178	C4	109	114	174	178	C4	119	126	174	178	C4	53	61	174	178	C9	149	157	174	178	C9

24	28	127	131	C3	39	47	127	131	C3	39	47	61	65	C9

48	56	84	118	C9	48	56	144	148	C9














51	58	64	71	C6
45	57	71	78	C6	59	68	71	78	C6	127	136	139	146	C6



123	135	297	304	C6














16	22	100	122	C3	16	22	124	148	C3	16	22	150	168	C3	16	22	183	189	C3








135	144	88	91	C9





0	2	25	63	C3	0	2	72	76	C3	0	2	131	162	C3	0	2	164	167	C3



8	14	36	40	C3	8	14	76	79	C3










0	6	30	53	C4



144	149	122	133	C6




51	60	35	40	C4	84	89	68	72	C6






0	18	30	47	C4
96	114	136	153	C4	96	114	155	158	C4	19	25	136	153	C4	19	25	155	158	C4	30	36	136	153	C4	30	36	155	158	C4	43	54	136	153	C4	43	54	155	158	C4	64	79	136	153	C4	64	79	155	158	C4
79	90	111	126	C3



























































63	76	108	109	C9	63	76	85	106	C9	78	81	108	109	C9	78	81	85	106	C9	11	35	108	109	C9	11	35	85	106	C9	37	48	108	109	C9	37	48	85	106	C9
0	3	40	58	C4	0	3	60	61	C4
70	73	28	29	C9	70	73	36	38	C9

















67	73	0	16	C9	67	73	18	26	C9

65	68	26	28	C3	65	68	30	32	C3	65	68	34	36	C3	72	74	26	28	C3	72	74	30	32	C3	72	74	34	36	C3	120	122	26	28	C4	120	122	30	32	C4	120	122	34	36	C4

104	106	26	28	C3	104	106	32	34	C3













0	8	11	14	C4





18	33	92	111	C4	18	33	113	116	C4	166	178	92	111	C9	166	178	113	116	C9










67	71	127	130	C4




0	8	27	55	C4	0	8	74	77	C4
17	25	32	65	C4	17	25	130	141	C6
139	147	166	178	C4	139	147	192	195	C4	139	147	213	215	C4
0	8	143	149	C4	0	8	170	173	C4	0	8	175	178	C4	0	8	181	184	C4

19	27	35	47	C4	19	27	61	64	C4
14	22	51	63	C4	14	22	74	77	C4	14	22	79	82	C4
71	79	96	107	C6



39	49	111	114	C4	70	80	111	114	C4

26	36	107	109	C4	59	69	107	109	C4	114	124	180	182	C4	114	124	186	189	C4





150	161	120	137	C6	177	192	120	137	C6	263	270	231	251	C6
35	45	3	23	C6	130	188	87	108	C6	190	196	87	108	C6	212	227	87	108	C6	286	400	244	265	C6	402	409	244	265	C6	476	553	434	455	C6	555	562	434	455	C6









0	11	70	72	C4	32	39	70	72	C9






0	9	41	61	C4	0	9	63	67	C4
0	9	18	22	C4




















71	80	133	136	C9	82	92	133	136	C9	94	106	133	136	C9	111	119	133	136	C9








125	129	225	229	C4	125	129	234	238	C4	131	139	225	229	C4	131	139	234	238	C4	141	154	225	229	C4	141	154	234	238	C4	156	165	225	229	C4	156	165	234	238	C4	170	177	225	229	C4	170	177	234	238	C4

68	75	32	42	C4	77	86	32	42	C4	91	95	32	42	C4	97	110	151	155	C4	114	122	151	155	C4


18	38	93	106	C3	18	38	108	114	C3	18	38	93	106	C4	18	38	108	114	C4

30	50	116	119	C4	30	50	121	127	C4




80	98	16	18	C5	80	98	61	63	C5	125	133	22	33	C5	125	133	106	108	C5	186	193	16	18	C5	186	193	61	63	C5	186	193	217	219	C5	210	215	16	18	C5	210	215	22	33	C5	210	215	61	63	C5	210	215	106	108	C5	210	215	217	219	C6	210	215	223	225	C6

102	105	127	141	C3	196	214	127	141	C3	246	253	127	141	C4
155	166	136	138	C4	148	153	136	138	C4	200	201	179	188	C6	205	207	179	188	C6













39	45	0	2	C9	19	26	0	2	C9





















21	36	127	143	C6

0	17	53	67	C9	0	17	69	72	C9	0	17	76	79	C9







84	89	35	38	C9	84	89	45	48	C9



















































44	53	35	37	C3	44	53	38	41	C3	44	53	76	81	C3	209	218	242	247	C3
19	28	12	17	C3	19	28	64	69	C3	19	28	73	78	C3







17	27	73	75	C4	41	51	73	75	C4	17	27	73	75	C4	41	51	73	75	C4
44	51	75	77	C4	44	51	15	38	C4
79	89	129	131	C4	79	89	135	137	C4	93	103	129	131	C4	93	103	135	137	C4






61	81	9	17	C3	83	86	9	17	C3




177	180	26	34	C4




0	2	61	85	C3	0	2	87	90	C3	0	2	94	98	C3








54	56	19	23	C4	58	60	19	23	C4
25	33	34	65	C5
61	69	103	107	C5	61	69	70	101	C5



34	57	90	108	C4
9	32	95	113	C4	9	32	115	119	C4	9	32	124	143	C4	9	32	145	148	C4
110	119	81	85	C4
17	40	77	81	C4	17	40	86	89	C4	17	40	135	138	C4

53	60	163	167	C4	80	88	163	167	C4	110	133	163	167	C4

0	15	19	38	C6
14	29	41	60	C6
0	12	71	90	C5


138	156	102	122	C4	66	78	102	122	C5	0	15	102	122	C6
0	15	101	120	C6

82	94	114	133	C5	62	77	114	133	C6
16	35	49	55	C4

26	45	97	103	C4	26	45	104	117	C4





0	5	36	56	C4



139	144	159	179	C4
68	73	107	109	C3	68	73	123	130	C3
0	7	138	149	C3







0	8	30	48	C3	12	16	30	48	C3
15	24	122	132	C3	15	24	134	140	C3	15	24	142	146	C3	15	24	148	162	C3	15	24	166	176	C3




94	107	144	167	C9	94	107	169	171	C9	109	110	144	167	C9	109	110	169	171	C9


54	55	41	43	C9

























31	35	10	12	C4	39	43	16	18	C4




228	230	46	48	C4	228	230	182	184	C4	68	70	46	48	C4	68	70	182	184	C4	82	84	46	48	C4	82	84	182	184	C4	193	195	46	48	C4	193	195	182	184	C4
24	26	65	70	C3	79	81	65	70	C3	182	184	65	70	C3






80	88	108	112	C6












36	46	81	84	C3	36	46	48	52	C4






0	8	95	109	C4	0	8	110	114	C4	0	8	116	120	C4	0	8	62	64	C4	0	8	66	68	C4	0	8	70	72	C4	10	19	95	109	C4	10	19	110	114	C4	10	19	116	120	C4	10	19	62	64	C4	10	19	66	68	C4	10	19	70	72	C4	21	27	95	109	C4	21	27	110	114	C4	21	27	116	120	C4	21	27	62	64	C4	21	27	66	68	C4	21	27	70	72	C4



13	22	35	39	C4	13	22	40	45	C4

0	8	21	26	C4	0	8	41	45	C4	0	8	49	53	C4	0	8	66	70	C4

25	33	97	135	C4	25	33	143	149	C4	25	33	153	159	C4	25	33	164	199	C4	25	33	207	216	C4	25	33	220	222	C4
5	13	102	104	C4	5	13	108	110	C4	5	13	166	170	C4	5	13	174	178	C4


































101	104	222	229	C3	101	104	231	233	C3	101	104	144	162	C4	101	104	164	166	C4	101	104	171	191	C4	101	104	193	195	C4
175	178	284	288	C3	175	178	276	280	C3	175	178	233	235	C4
20	23	99	103	C3	20	23	107	111	C3	20	23	129	131	C4






















42	50	251	256	C4








12	22	105	117	C4
150	160	64	82	C4	150	160	86	112	C4	150	160	114	119	C4

23	33	191	196	C4




















79	88	66	71	C9







0	8	17	26	C4	0	8	38	46	C4	0	8	75	84	C4








72	75	0	18	C9	72	75	20	23	C9
9	12	29	32	C3	9	12	50	53	C3



25	28	59	62	C9























7	9	141	147	C3	11	13	141	147	C3
8	14	87	97	C3	8	14	145	151	C3	8	14	68	76	C4






22	30	80	84	C4	22	30	155	159	C4





















0	7	59	61	C3	0	7	62	65	C3	0	7	66	71	C3	0	7	90	94	C3	0	7	18	21	C4	0	7	23	25	C4
28	35	37	39	C4	53	60	63	65	C4











61	72	24	37	C9	61	72	39	42	C9	74	76	24	37	C9	74	76	39	42	C9


132	146	184	187	C4
3	27	57	60	C4	29	36	57	60	C4






19	27	30	33	C4

10	18	55	58	C4	20	29	55	58	C4	31	37	55	58	C4
52	60	91	94	C4	52	60	139	176	C4	52	60	180	184	C4
34	42	103	106	C4
68	76	14	17	C4



20	28	72	75	C4	20	28	154	157	C4
23	32	40	43	C4	23	32	44	53	C4

166	170	0	3	C4	166	170	5	7	C4	175	180	0	3	C4	175	180	5	7	C4	123	142	0	3	C4	123	142	5	7	C4	155	164	0	3	C4	155	164	5	7	C4



















37	46	64	80	C9	37	46	84	102	C9
81	90	0	16	C9	81	90	18	22	C9	81	90	26	44	C9	81	90	46	47	C9

0	6	125	126	C4	0	6	71	74	C9	29	46	71	74	C9





124	133	89	90	C9





















98	109	0	15	C9	98	109	65	69	C9













134	142	126	131	C4











11	21	40	56	C4















11	21	38	47	C4














0	12	21	24	C4



33	45	48	51	C4	33	45	84	87	C4


30	42	60	63	C3	30	42	70	72	C3	30	42	81	89	C3	30	42	91	94	C3
75	87	90	93	C4
34	46	18	21	C3
15	32	116	119	C3	101	113	116	119	C4

49	61	64	67	C4





























65	71	38	44	C4












































68	78	38	43	C4	68	78	45	49	C4
96	106	133	138	C3	96	106	36	38	C4
135	145	115	118	C3	135	145	87	89	C4
29	39	110	113	C3	43	50	110	113	C3	29	39	84	86	C4	43	50	84	86	C4
























62	66	44	49	C4
95	98	65	77	C4

83	86	20	35	C9	83	86	37	38	C9
122	125	35	37	C9














































0	9	89	94	C4
0	9	48	63	C4














50	59	25	40	C4
17	26	90	105	C4	17	26	107	109	C4	199	208	267	282	C4	199	208	284	289	C4	210	212	267	282	C4	210	212	284	289	C4	28	30	90	105	C4	28	30	107	109	C4

12	14	30	35	C4	18	20	30	35	C4
4	6	16	18	C4	4	6	22	26	C4
97	111	85	87	C4	97	111	39	51	C4
90	92	43	48	C4
89	91	106	108	C4	89	91	112	116	C4
37	51	25	27	C4





139	152	127	129	C4



145	158	101	105	C4

5	34	54	58	C4













24	41	78	81	C4	58	67	78	81	C4
9	26	66	69	C4	45	54	66	69	C4





59	69	29	49	C4





















26	38	47	59	C3	40	43	47	59	C3




56	59	15	36	C3	56	59	38	42	C3







49	54	120	126	C9	49	54	80	83	C9	49	54	85	108	C9	58	63	120	126	C9	58	63	80	83	C9	58	63	85	108	C9
71	76	23	26	C9	80	85	23	26	C9
0	7	29	34	C4	0	7	35	37	C4







152	159	114	116	C4	152	159	117	122	C4	93	100	47	52	C4	93	100	53	56	C4	93	100	72	75	C4
127	134	12	14	C4















































51	59	31	46	C4



118	124	52	57	C5	118	124	60	65	C5	126	130	52	57	C5	126	130	60	65	C5	134	141	52	57	C5	134	141	60	65	C5	84	109	52	57	C5	84	109	60	65	C5	111	115	52	57	C5	111	115	60	65	C5












104	109	45	58	C9







64	73	148	150	C3	64	73	154	156	C3	64	73	170	174	C3




119	128	161	164	C3






69	78	18	38	C3

















425	446	474	487	C4	425	446	489	507	C4	448	450	474	487	C4	448	450	489	507	C4



















87	94	63	85	C4

51	53	69	73	C4	29	49	69	73	C4









0	54	74	89	C4	56	61	74	89	C4


















67	79	106	108	C4	67	79	124	127	C4	81	93	106	108	C4	81	93	124	127	C4	98	104	106	108	C4	98	104	124	127	C4











99	120	0	31	C9	90	96	0	31	C9
























102	121	123	127	C9	102	121	28	32	C9	102	121	34	38	C9	102	121	48	76	C9


155	174	51	87	C4	155	174	92	96	C4	108	117	51	87	C9	108	117	92	96	C9











19	32	59	79	C4	19	32	81	84	C4	116	129	167	170	C4

92	105	8	11	C4
73	86	0	20	C3	120	133	0	20	C3








24	31	153	157	C3	24	31	41	43	C4	24	31	79	97	C4
35	42	65	67	C4

72	79	20	28	C4


56	65	121	142	C4	56	65	144	147	C4


24	27	77	90	C9	24	27	109	114	C9



32	38	75	80	C4	118	132	75	80	C9	146	149	75	80	C9
12	21	52	65	C4	12	21	84	89	C4









14	20	52	55	C3	14	20	59	62	C3	14	20	71	74	C3	14	20	79	82	C3
8	14	49	52	C3	8	14	56	59	C3



95	125	24	25	C9	95	125	0	22	C9	67	92	24	25	C9	67	92	0	22	C9












11	21	31	35	C4







82	93	148	166	C5	0	8	148	166	C6	27	35	148	166	C6

125	133	136	154	C6
17	25	41	58	C6	29	37	41	58	C6









0	7	133	154	C3	0	7	59	79	C3








99	103	30	70	C9


68	80	16	22	C9	82	91	16	22	C9	93	101	16	22	C9	103	111	16	22	C9	113	122	16	22	C9	124	138	16	22	C9	140	148	16	22	C9	150	161	16	22	C9	165	173	16	22	C9


102	115	75	81	C9

62	74	52	58	C9	62	74	155	160	C9	62	74	194	199	C9	76	85	52	58	C9	76	85	155	160	C9	76	85	164	169	C9	76	85	194	199	C9	90	104	52	58	C9	90	104	155	160	C9	90	104	164	169	C9	90	104	194	199	C9


108	121	72	78	C9	108	121	171	176	C9	108	121	180	185	C9


96	110	8	12	C9	116	127	8	12	C9

















5	8	29	36	C3	5	8	38	40	C3	12	19	29	36	C3	12	19	38	40	C3


16	29	48	73	C3	107	113	48	73	C4



45	46	25	28	C3	106	112	25	28	C4


122	123	38	42	C9














8	16	37	51	C5	18	24	37	51	C5
84	92	113	127	C5	94	100	113	127	C5	8	82	113	127	C5
















166	173	193	195	C3









6	22	123	127	C4




112	118	59	73	C4
140	146	57	65	C4	140	146	83	87	C4	140	146	89	93	C4	140	146	95	99	C4	140	146	101	106	C4	140	146	110	114	C4
123	127	77	85	C4
22	28	69	81	C4	22	28	83	91	C4	22	28	95	103	C4	22	28	140	144	C4
47	53	63	67	C4







41	47	11	30	C6	88	107	58	77	C6
239	245	212	231	C5	54	60	24	43	C6	145	152	115	134	C6











44	51	104	122	C4	44	51	124	126	C4
104	111	9	46	C9	104	111	48	51	C9
50	63	79	82	C9















133	142	125	129	C9	78	86	26	50	C9	78	86	52	54	C9	113	120	125	129	C9	166	173	177	179	C9


144	151	130	134	C9
96	103	117	141	C9












92	97	41	46	C3

0	11	24	26	C3

72	83	0	2	C3
112	143	175	177	C3	145	148	175	177	C3	10	21	44	49	C3	112	143	44	49	C3	145	148	44	49	C3
39	50	0	5	C3	39	50	9	14	C3	39	50	135	140	C3	39	50	216	221	C3	107	110	0	5	C3	107	110	9	14	C3	107	110	135	140	C3	107	110	216	221	C3

82	92	66	71	C4	106	117	66	71	C4
68	79	103	105	C3	140	151	176	181	C4	155	165	176	181	C4
98	106	85	87	C6



















28	46	98	139	C4	60	74	98	139	C4
9	27	135	143	C4	9	27	173	176	C4	9	27	112	130	C4	9	27	132	133	C4	41	55	135	143	C4	41	55	173	176	C4	41	55	112	130	C4	41	55	132	133	C4	65	75	135	143	C4	65	75	173	176	C4	65	75	112	130	C4	65	75	132	133	C4








318	321	342	344	C9

0	7	17	20	C4



















































118	131	17	20	C3


69	82	32	36	C3
0	13	128	131	C3	0	13	40	64	C3	0	13	66	69	C3	0	13	73	76	C3






141	144	111	131	C9



61	64	47	51	C9

9	16	23	42	C6
0	7	10	29	C6




15	24	0	2	C6


67	76	31	59	C4




8	17	110	115	C3


27	36	12	14	C6













186	200	143	152	C9	119	132	143	152	C9




93	98	195	208	C4	93	98	210	214	C4	93	98	230	232	C4	93	98	236	243	C4	93	98	121	140	C4	93	98	171	178	C4




37	44	60	65	C9
127	134	12	17	C9	127	134	22	27	C9











0	5	9	21	C3

































16	29	41	66	C4
19	32	51	76	C4	19	32	78	85	C4	34	35	51	76	C4	34	35	78	85	C4
0	1	43	50	C4	3	15	43	50	C4
26	89	3	16	C4	91	93	3	16	C4
19	22	49	56	C3	7	15	49	56	C3	63	64	49	56	C4
0	11	18	25	C4	0	11	110	117	C4
4	5	40	47	C4	9	21	40	47	C4
2	3	87	94	C4	23	35	87	94	C4
30	40	3	20	C4


0	9	88	91	C4


77	86	27	30	C4
195	204	54	61	C4	195	204	76	79	C4	195	204	94	112	C4	195	204	130	132	C4	195	204	138	141	C4	195	204	268	271	C4



10	19	42	44	C4	10	19	53	56	C4











121	129	0	19	C9	121	129	21	25	C9	121	129	30	74	C9	121	129	76	80	C9	112	118	0	19	C9	112	118	21	25	C9	112	118	30	74	C9	112	118	76	80	C9








67	76	25	43	C9	54	57	25	43	C9
24	33	62	71	C9
90	124	127	129	C5



20	90	8	10	C5
31	44	83	85	C5






35	36	45	50	C4


67	72	179	188	C3



















21	31	54	58	C3







0	7	51	70	C5





25	28	89	94	C3	25	28	96	101	C3	25	28	106	111	C3	17	21	89	94	C3	17	21	96	101	C3	17	21	106	111	C3	30	34	89	94	C3	30	34	96	101	C3	30	34	106	111	C3	62	65	89	94	C3	62	65	96	101	C3	62	65	106	111	C3	25	28	89	94	C3	25	28	96	101	C3	25	28	106	111	C3
25	28	49	54	C3	8	12	49	54	C4
42	45	54	56	C3	12	16	54	56	C4
0	4	18	32	C3	0	4	34	35	C3
62	65	90	92	C3










44	52	10	33	C6




95	103	54	60	C5	80	88	54	60	C6	80	88	141	147	C6

















157	170	102	106	C9


48	56	66	70	C4	137	144	66	70	C9

91	99	55	59	C4	23	32	144	148	C4	23	32	55	59	C4






235	237	29	65	C3	235	237	67	71	C3	235	237	88	118	C3	235	237	120	123	C3





















0	10	41	54	C9	0	10	56	59	C9	0	10	64	101	C9	0	10	103	106	C9	0	10	145	165	C9






131	141	81	85	C9























37	46	158	171	C9	37	46	128	142	C9

37	46	59	82	C3	10	19	59	82	C5




















51	53	71	78	C3	51	53	89	100	C3	51	53	105	117	C3













75	77	85	101	C9	123	131	134	153	C9	69	72	85	101	C9	118	120	134	153	C9




47	75	15	31	C4	47	75	33	35	C4
127	135	122	125	C4	15	57	10	13	C4	75	110	70	73	C4	176	221	161	164	C4	247	255	235	238	C4	247	255	242	245	C4	275	283	270	273	C4	285	325	270	273	C4
43	54	65	68	C4	43	54	83	99	C4
29	40	60	63	C4	29	40	65	69	C4	29	40	74	78	C4
172	183	43	59	C4



















34	55	72	75	C9	57	59	72	75	C9















40	46	23	37	C4


112	118	133	157	C3




96	113	30	34	C3	96	113	38	45	C4












26	43	113	122	C4	48	61	113	122	C4	69	79	113	122	C4























14	46	1	3	C4	48	51	1	3	C4
24	39	53	55	C3	41	43	53	55	C3













0	6	16	27	C3


16	20	135	137	C3	16	20	174	176	C3	16	20	91	108	C4


















199	201	59	75	C3	199	201	77	81	C3














197	226	164	169	C5	228	231	164	169	C5












0	7	17	38	C4	0	7	40	43	C4	0	7	63	66	C4	242	249	187	190	C4	0	7	128	133	C4	242	249	214	217	C4

1	27	73	86	C6


















88	97	23	25	C9	88	97	0	21	C9	101	108	23	25	C9	101	108	0	21	C9	77	86	23	25	C9	77	86	0	21	C9




















0	24	101	103	C4



13	16	254	259	C3	13	16	44	46	C4	13	16	48	51	C4	13	16	53	56	C4	13	16	58	61	C4	13	16	63	73	C4	13	16	81	91	C4	13	16	99	103	C4	13	16	105	109	C4	13	16	111	116	C4	13	16	118	130	C4	13	16	137	150	C4	13	16	157	161	C4	13	16	163	175	C4	13	16	183	184	C4	13	16	186	195	C4	13	16	207	210	C4	13	16	215	222	C4



94	103	31	34	C3	94	103	107	126	C5


16	38	139	142	C3	16	38	182	185	C3	16	38	42	61	C5

16	26	82	85	C3


35	62	97	106	C4	64	83	97	106	C4
60	70	102	111	C4	24	58	102	111	C4



24	34	69	78	C4	38	48	69	78	C4






17	20	93	97	C4

















13	19	94	114	C3	13	19	116	134	C3


20	26	89	108	C3	20	26	110	135	C3	20	26	139	156	C3




32	47	12	16	C4	32	47	17	22	C4	49	56	12	16	C4	49	56	17	22	C4


28	36	44	48	C3	28	36	52	56	C3

29	37	96	98	C3	100	107	201	205	C3	120	128	158	162	C3	120	128	164	168	C3	120	128	223	225	C3	100	107	158	162	C4	100	107	164	168	C4	100	107	223	225	C4	120	128	201	205	C4
129	137	108	112	C3	129	137	116	120	C3

53	61	71	75	C3	53	61	137	141	C3	53	61	144	148	C3	53	61	98	102	C3	53	61	106	110	C3	53	61	157	159	C3
23	30	93	98	C3	50	58	88	92	C3	50	58	93	98	C3	50	58	127	131	C3	50	58	133	135	C3	23	30	88	92	C4	23	30	127	131	C4	23	30	133	135	C4
5	12	21	25	C4	5	12	26	31	C4

91	113	24	27	C4	91	113	32	52	C4	91	113	3	22	C4	91	113	54	58	C4	120	138	24	27	C4	120	138	32	52	C4	120	138	3	22	C4	120	138	54	58	C4	145	202	24	27	C4	145	202	32	52	C4	145	202	3	22	C4	145	202	54	58	C4	211	285	24	27	C4	211	285	32	52	C4	211	285	3	22	C4	211	285	54	58	C4	291	351	24	27	C4	291	351	32	52	C4	291	351	3	22	C4	291	351	54	58	C4	357	433	24	27	C4	357	433	32	52	C4	357	433	3	22	C4	357	433	54	58	C4

138	144	72	75	C4
84	90	3	7	C4


120	125	3	23	C9	76	81	3	23	C9

76	83	110	112	C4	95	109	110	112	C4

35	49	50	52	C4


78	88	8	17	C4	78	88	111	113	C4	33	42	8	17	C4	33	42	111	113	C4	44	54	8	17	C4	44	54	111	113	C4	56	63	8	17	C4	56	63	111	113	C4	65	73	8	17	C4	65	73	111	113	C4






















92	100	77	81	C4
184	193	171	173	C4





















153	162	120	142	C6
30	47	10	19	C6









136	142	155	161	C3








194	199	167	184	C4



46	51	59	61	C3






























43	53	0	13	C9	43	53	15	18	C9	43	53	20	23	C9	43	53	28	31	C9	89	99	58	61	C9	89	99	63	66	C9	89	99	70	73	C9	103	116	58	61	C9	103	116	63	66	C9	103	116	70	73	C9
7	17	43	46	C9	18	18	43	46	C9	199	209	261	264	C9	210	210	261	264	C9
25	35	0	13	C9	25	35	147	150	C9	25	35	152	155	C9	25	35	157	160	C9	25	35	165	168	C9







































37	48	77	83	C3









































108	119	80	100	C5	123	130	80	100	C5



























49	57	96	101	C4	49	57	118	120	C4	49	57	124	126	C4	49	57	128	130	C4	59	68	96	101	C4	59	68	118	120	C4	59	68	124	126	C4	59	68	128	130	C4
8	16	55	60	C4	8	16	77	79	C4	8	16	83	85	C4	8	16	87	89	C4	18	27	55	60	C4	18	27	77	79	C4	18	27	83	85	C4	18	27	87	89	C4





























91	96	111	136	C9	91	96	138	141	C9

85	87	68	71	C9




105	114	78	97	C5	116	126	78	97	C5
















18	27	97	102	C9






38	45	18	20	C9	38	45	0	16	C9


89	94	53	56	C9	89	94	60	63	C9






140	147	9	11	C4	149	155	9	11	C4	159	171	9	11	C4
48	57	22	37	C4
0	9	41	56	C4
















121	132	76	96	C9	121	132	98	103	C9
8	19	51	55	C9










106	113	88	91	C4



41	48	70	100	C3

















128	130	93	106	C3


0	11	69	81	C3
158	166	234	256	C4

23	26	104	106	C3

44	47	83	85	C3




12	25	65	69	C3

122	126	93	95	C4













72	97	62	64	C5










12	37	40	55	C9



71	73	28	43	C9
105	107	73	80	C9
26	28	0	5	C9	26	28	9	14	C9




45	47	20	25	C9	45	47	29	34	C9






0	10	51	59	C4


91	103	54	69	C3
170	194	136	151	C3	170	194	153	157	C3	170	194	245	249	C3	196	200	136	151	C3	196	200	153	157	C3	196	200	245	249	C3	205	213	245	249	C3	215	217	245	249	C3	170	194	245	249	C9	196	200	245	249	C9	205	213	136	151	C9	205	213	153	157	C9	205	213	245	249	C9	215	217	153	157	C9	215	217	245	249	C9

56	60	3	7	C3	162	166	3	7	C3
32	36	62	66	C3	140	144	62	66	C3


53	62	26	42	C6

44	53	17	33	C6










5	15	44	64	C3	5	15	160	192	C3	5	15	194	215	C3	5	15	217	219	C3	5	15	221	238	C3	5	15	240	243	C3	5	15	245	250	C3	5	15	255	279	C3
11	21	77	81	C3	11	21	83	86	C3	11	21	88	91	C3	11	21	96	100	C3	11	21	129	133	C3	11	21	137	139	C3





76	83	8	11	C4



69	76	102	105	C3	28	35	102	105	C4
25	32	109	112	C4
39	46	85	88	C3




































88	132	140	142	C5	134	137	140	142	C5	152	170	172	174	C6







0	3	74	76	C4	0	3	78	83	C4	0	3	85	89	C4






87	95	62	65	C4	99	107	62	65	C4













8	24	33	39	C9
162	173	67	73	C9	186	194	67	73	C9	101	110	67	73	C9	121	129	67	73	C9	140	151	67	73	C9





















66	78	29	33	C4	80	133	29	33	C4	135	138	29	33	C4	153	214	29	33	C4	228	269	29	33	C4	271	292	29	33	C4	295	304	29	33	C4	307	320	29	33	C4	322	333	29	33	C4
35	37	68	72	C4	0	22	68	72	C4	24	26	68	72	C4	28	30	68	72	C4
61	64	81	87	C6






42	49	52	55	C4	42	49	119	122	C4






47	55	63	65	C4






15	29	121	123	C3	15	29	127	130	C3








99	102	27	29	C3	99	102	33	36	C3

83	86	24	26	C3	83	86	30	33	C3


























90	98	0	28	C4	100	105	0	28	C4	107	112	0	28	C4	117	125	0	28	C4	127	133	0	28	C4	135	141	0	28	C4	178	186	0	28	C4	188	194	0	28	C4	196	202	0	28	C4
57	63	83	86	C4	57	63	87	100	C4	114	119	150	155	C4	114	119	177	205	C4	114	119	209	212	C4	123	130	150	155	C4	123	130	177	205	C4	123	130	209	212	C4


















10	20	88	114	C4	63	69	88	114	C4








37	38	20	21	C3


11	36	61	62	C3


29	44	89	102	C4	29	44	103	105	C4	29	44	107	109	C4	29	44	116	156	C4	29	44	185	232	C4	29	44	234	238	C4	29	44	47	52	C4
116	123	9	13	C4	116	123	31	35	C4



291	298	347	351	C4	0	7	29	33	C4	0	7	68	72	C4

























30	36	93	108	C4	30	36	110	128	C4	30	36	130	146	C4	30	36	151	172	C4


















104	119	0	25	C9	104	119	27	30	C9	44	47	27	30	C9







0	8	62	67	C4

















56	72	80	84	C4




33	39	101	109	C5	33	39	42	86	C5	33	39	88	96	C5




8	14	61	69	C5	8	14	73	81	C5

110	116	259	287	C3	110	116	291	316	C3	110	116	148	179	C4	110	116	183	202	C4















28	31	67	75	C4	38	45	67	75	C9

70	72	85	93	C4




0	3	17	35	C4	0	3	63	73	C4

0	2	121	129	C4












62	96	167	170	C4	98	101	167	170	C4	105	134	167	170	C4
102	105	121	124	C4	102	105	36	39	C4

































106	117	87	95	C4
22	32	48	56	C4


































141	143	3	4	C4



0	6	64	77	C4	0	6	79	81	C4	8	10	64	77	C4	8	10	79	81	C4
46	52	91	93	C4






117	126	135	149	C4	130	132	135	149	C4






















126	129	108	111	C9
92	101	143	145	C4	103	108	143	145	C4
0	9	24	27	C4	0	9	62	64	C4	0	9	66	69	C4





12	21	90	93	C4








37	43	16	29	C9
101	123	0	13	C9	101	123	15	17	C9	125	127	0	13	C9	125	127	15	17	C9	92	98	0	13	C9	92	98	15	17	C9


127	135	115	117	C9
115	123	151	153	C9

29	35	41	43	C9



177	186	150	169	C5	80	89	49	68	C6
19	28	72	92	C4







46	65	78	91	C9	0	10	78	91	C9

4	14	53	66	C9	4	14	68	71	C9	18	37	53	66	C9	18	37	68	71	C9



















56	76	223	237	C4	19	22	223	237	C4	41	53	223	237	C4	104	114	223	237	C4	241	251	223	237	C4	253	256	223	237	C4	258	261	223	237	C4	263	266	223	237	C4	269	289	223	237	C4	56	76	80	82	C5	104	114	118	120	C5
132	135	167	181	C4	140	143	167	181	C4	0	7	28	39	C6


184	196	156	169	C4	184	196	171	173	C4
18	21	80	88	C3

















69	72	112	136	C3	69	72	138	142	C3
0	3	79	102	C3	0	3	104	108	C3
114	117	48	63	C3	114	117	65	69	C3

8	11	87	90	C3
48	51	8	12	C3
93	96	45	49	C3	93	96	45	49	C3
108	111	73	80	C3	108	111	84	88	C3



































0	12	216	236	C4	0	12	238	257	C4	0	12	324	342	C4	0	12	344	363	C4	0	12	216	236	C4	0	12	238	257	C4	0	12	324	342	C4	0	12	344	363	C4





88	96	50	66	C4	77	84	50	66	C4	117	123	50	66	C4









5	20	107	110	C3	5	20	86	105	C3	5	20	127	139	C4	5	20	141	143	C4
































12	14	155	157	C4








27	58	87	93	C4	60	68	87	93	C4


































31	46	3	21	C4
111	114	124	142	C3



56	64	125	168	C3	66	74	125	168	C3	76	86	125	168	C3	90	100	125	168	C3	56	64	232	233	C4	66	74	232	233	C4	76	86	232	233	C4	90	100	232	233	C4	56	64	0	34	C5	56	64	36	39	C5	66	74	0	34	C5	66	74	36	39	C5	76	86	0	34	C5	76	86	36	39	C5	90	100	0	34	C5	90	100	36	39	C5

40	47	7	10	C6	51	59	7	10	C6
0	7	19	22	C6




















































0	10	42	58	C4
0	10	97	113	C4	12	18	97	113	C4





0	10	46	62	C4
118	125	23	47	C4








46	77	105	126	C4	46	77	128	130	C4	79	82	105	126	C4	79	82	128	130	C4	11	20	105	126	C9	11	20	128	130	C9	22	31	105	126	C9	22	31	128	130	C9	36	43	105	126	C9	36	43	128	130	C9

10	19	103	110	C3

66	100	12	44	C4	102	106	12	44	C4	124	133	12	44	C9	137	144	12	44	C9


141	150	171	177	C3






60	69	93	96	C4	60	69	86	89	C4



49	58	13	15	C4	49	58	17	19	C4	49	58	23	27	C4	49	58	29	37	C4



0	9	237	239	C3	0	9	241	244	C3	0	9	246	249	C3	0	9	254	256	C3	0	9	122	129	C4	0	9	131	137	C4	0	9	139	145	C4	0	9	147	168	C4	0	9	170	173	C4	0	9	176	179	C4	0	9	181	185	C4	0	9	190	210	C4	0	9	212	214	C4
0	9	67	84	C4	0	9	86	88	C4	0	9	91	95	C4	0	9	97	131	C4	0	9	133	135	C4	0	9	150	173	C4	0	9	175	178	C4	0	9	181	183	C4	0	9	185	208	C4	0	9	210	215	C4
13	22	58	66	C4	13	22	94	97	C4	13	22	99	101	C4	13	22	103	108	C4	13	22	167	175	C4	13	22	220	223	C4	13	22	225	227	C4	13	22	229	236	C4	13	22	238	245	C4	13	22	247	250	C4	13	22	255	259	C4




164	170	60	64	C4	164	170	66	72	C4	164	170	76	80	C4
11	17	75	77	C4	11	17	79	83	C4	11	17	87	92	C4
65	71	33	37	C3
30	36	13	17	C3

66	76	48	63	C4
58	71	39	43	C4	0	10	39	43	C4

20	30	67	76	C4	20	30	114	123	C4

18	28	95	104	C4

36	41	85	89	C4	52	67	85	89	C4
57	63	115	117	C4
106	116	90	99	C4
77	88	15	26	C4	77	88	63	72	C4	91	102	15	26	C4	91	102	63	72	C4	107	123	15	26	C4	107	123	63	72	C4	161	171	15	26	C4	161	171	63	72	C4
132	142	124	129	C4













25	33	78	83	C4	35	44	78	83	C4	68	75	78	83	C4


35	43	76	80	C4	35	43	110	118	C4










44	51	20	21	C4	55	64	20	21	C4







22	32	36	44	C4


0	10	73	88	C4
















46	55	13	33	C6	57	62	13	33	C6	66	77	13	33	C6







































































































134	141	101	123	C6

144	150	112	132	C6	154	161	112	132	C6




























0	5	56	58	C3

0	5	73	92	C3	0	5	94	98	C3	0	5	133	157	C3	0	5	159	163	C3	0	5	168	183	C3	0	5	185	189	C3


39	44	101	109	C4




















84	87	69	73	C9	141	159	69	73	C9	161	163	69	73	C9















0	11	31	35	C6
0	9	55	65	C6
0	9	31	41	C6	13	22	31	41	C6
























9	19	53	63	C4


62	72	139	149	C4	62	72	185	191	C4















0	3	25	27	C4



204	207	409	412	C4	204	207	415	426	C4	204	207	247	256	C4	204	207	258	262	C4	204	207	266	270	C4	204	207	329	332	C4	204	207	334	337	C4	204	207	342	345	C4	28	31	50	52	C4
8	11	90	94	C4	8	11	98	102	C4	8	11	137	140	C4	8	11	144	147	C4	8	11	40	42	C4
136	139	151	153	C4
60	63	89	91	C4



58	63	29	42	C9	58	63	44	47	C9	74	82	29	42	C9	74	82	44	47	C9





























21	25	58	72	C4





138	144	0	3	C3	138	144	4	10	C3	138	144	0	3	C3	138	144	4	10	C3
61	67	46	49	C3	80	85	46	49	C3	87	92	46	49	C3	94	98	46	49	C3	103	113	46	49	C3



225	232	11	14	C3

0	10	117	129	C4	12	19	117	129	C4


















14	20	32	38	C3














42	48	62	88	C4	42	48	90	94	C4	42	48	111	125	C4
44	50	0	4	C4	44	50	61	75	C4






153	167	117	140	C5	153	167	142	143	C5








0	7	53	57	C4	0	7	74	77	C4	0	7	79	83	C4


24	31	128	132	C4	24	31	99	102	C4	24	31	104	108	C4



40	47	196	200	C4	40	47	206	210	C4	40	47	216	219	C4	40	47	228	232	C4	40	47	233	235	C4	40	47	247	251	C4	40	47	252	254	C4	40	47	156	170	C4


74	81	33	36	C4	74	81	38	42	C4	74	81	47	51	C4	93	105	33	36	C4	93	105	38	42	C4	93	105	47	51	C4

29	36	102	106	C4	29	36	71	74	C4	29	36	76	80	C4





29	44	59	62	C4	29	44	73	75	C4
0	11	20	23	C4	0	11	43	45	C4
0	8	37	40	C4	0	8	44	47	C4	0	8	58	60	C4


27	33	71	74	C3	27	33	78	81	C3
47	61	23	26	C9	47	61	30	33	C9


0	9	49	52	C4


13	22	54	57	C4

248	257	198	200	C4	248	257	209	212	C4







36	43	60	67	C5	75	82	60	67	C5

10	97	110	117	C6
107	114	92	99	C5



71	83	40	59	C4	85	91	40	59	C4	95	106	40	59	C4


0	6	84	97	C4


32	39	3	21	C6	77	158	45	65	C6
131	138	103	120	C6	190	200	160	179	C6	252	264	222	241	C6	318	353	288	307	C6



25	41	88	99	C9	25	41	55	84	C9



139	155	181	205	C9	139	155	207	209	C9	139	155	214	225	C9	139	155	227	231	C9
37	50	258	265	C9	37	50	269	273	C9	56	68	258	265	C9	56	68	269	273	C9	69	83	258	265	C9	69	83	269	273	C9	85	89	258	265	C9	85	89	269	273	C9	119	135	258	265	C9	119	135	269	273	C9	136	182	258	265	C9	136	182	269	273	C9	184	187	258	265	C9	184	187	269	273	C9


58	82	26	28	C9	58	82	31	35	C9	84	93	26	28	C9	84	93	31	35	C9













25	33	37	39	C4









78	90	0	4	C3	78	90	8	12	C3	78	90	0	4	C3	78	90	8	12	C3	107	115	0	4	C4	107	115	8	12	C4	107	115	0	4	C4	107	115	8	12	C4
60	72	137	141	C3	60	72	145	149	C3	25	33	137	141	C4	25	33	145	149	C4



316	325	329	343	C9	111	135	150	164	C9	138	146	150	164	C9	166	190	205	225	C9	193	201	205	225	C9	227	251	271	285	C9	254	267	271	285	C9	289	313	329	343	C9

52	59	15	28	C4	63	71	15	28	C4







0	8	12	25	C4




117	125	24	28	C3	117	125	30	33	C3	117	125	35	39	C3	117	125	41	45	C3	117	125	52	58	C3	117	125	60	64	C3	117	125	66	70	C3	117	125	72	82	C3	117	125	92	94	C3




23	31	54	58	C4





23	31	69	78	C4	118	126	134	138	C4
0	8	42	46	C4












































40	49	52	62	C3


74	82	105	109	C4	74	82	125	130	C4	0	12	105	109	C4	0	12	125	130	C4








45	54	77	78	C4

18	33	76	77	C4	37	45	76	77	C4
4	13	43	44	C3	17	32	43	44	C3
48	57	29	30	C3	48	57	15	16	C4	61	76	15	16	C4	61	76	29	30	C4	95	97	15	16	C4	95	97	29	30	C4













173	187	143	162	C6	222	232	194	211	C6	86	92	53	75	C6
33	40	3	22	C6	125	134	98	105	C6

23	34	74	81	C4	23	34	88	95	C4
















0	8	35	40	C9	0	8	75	89	C9	0	8	90	103	C9













78	83	26	40	C9









0	10	102	108	C3	0	10	32	44	C4	0	10	45	52	C4	0	10	54	57	C4

37	47	0	6	C3	55	64	0	6	C3	221	242	0	6	C3	138	149	0	6	C4	186	196	0	6	C4	186	196	160	178	C4

4	14	38	51	C3	18	27	38	51	C3	73	82	116	129	C3

136	155	36	42	C3	0	21	36	42	C3	64	74	36	42	C3	97	101	36	42	C4	136	155	124	126	C4
113	122	135	148	C3
0	9	86	88	C3	0	9	92	94	C3	0	9	95	111	C3



8	10	28	30	C3	8	10	126	128	C4


0	2	26	28	C5	0	2	32	34	C5	0	2	36	38	C5




74	78	54	64	C4

111	115	91	101	C4












22	27	41	62	C3









82	91	148	154	C4	82	91	94	108	C5
21	30	33	39	C4	118	125	128	142	C6
0	9	23	37	C4
52	61	64	78	C4




76	81	45	66	C4







26	32	98	101	C4	26	32	66	96	C4	35	46	98	101	C4	35	46	66	96	C4


12	18	31	34	C4	12	18	74	87	C4	12	18	98	110	C4	12	18	112	117	C4	12	18	150	152	C4








24	42	69	104	C4

57	74	29	41	C4
54	61	105	112	C4










0	9	79	83	C4	0	9	86	99	C4

0	9	80	84	C4	0	9	88	101	C4

0	7	121	127	C4



43	50	59	62	C4	43	50	86	89	C4	43	50	94	97	C4	43	50	100	115	C4	43	50	126	131	C4

126	133	46	49	C4	126	133	92	95	C4




126	133	16	31	C4

69	78	49	59	C4




30	39	67	69	C5

0	9	30	32	C3	0	9	43	45	C3

0	9	19	21	C3









139	151	183	191	C4








0	3	44	48	C3






58	65	88	91	C4




99	126	84	88	C9




211	248	187	192	C5
108	117	92	96	C6


















64	84	133	136	C4	64	84	158	174	C4	64	84	177	181	C4	85	90	133	136	C4	85	90	158	174	C4	85	90	177	181	C4	92	98	133	136	C4	92	98	158	174	C4	92	98	177	181	C4	100	107	133	136	C4	100	107	158	174	C4	100	107	177	181	C4
156	161	135	138	C4
54	64	236	239	C4	54	64	240	245	C4	65	70	236	239	C4	65	70	240	245	C4	75	103	236	239	C4	75	103	240	245	C4	104	110	236	239	C4	104	110	240	245	C4	115	125	236	239	C4	115	125	240	245	C4	126	131	236	239	C4	126	131	240	245	C4	135	141	236	239	C4	135	141	240	245	C4	146	161	236	239	C4	146	161	240	245	C4	162	167	236	239	C4	162	167	240	245	C4	171	177	236	239	C4	171	177	240	245	C4	185	206	236	239	C4	185	206	240	245	C4	207	213	236	239	C4	207	213	240	245	C4
















26	36	100	127	C4	26	36	129	132	C4	38	39	100	127	C4	38	39	129	132	C4	44	58	137	157	C4	60	63	137	157	C4













8	23	39	43	C4















37	44	22	27	C5	46	54	22	27	C5	56	64	22	27	C5	66	69	22	27	C5	74	89	22	27	C5	98	134	145	150	C5	136	138	145	150	C5	226	232	219	224	C6	242	250	235	240	C6


123	125	136	146	C3



63	71	85	87	C4





15	23	67	69	C4



















46	61	22	43	C4
89	96	0	16	C9	62	76	0	16	C9	98	103	0	16	C9	108	113	0	16	C9	26	31	0	16	C9	33	38	0	16	C9	43	52	0	16	C9
136	151	0	45	C9	136	151	64	80	C9	178	193	0	45	C9	119	133	0	45	C9	119	133	64	80	C9
39	54	86	108	C4	39	54	110	114	C4	39	54	121	125	C4	39	54	86	108	C9	39	54	110	114	C9	39	54	121	125	C9
25	40	56	60	C9	25	40	62	66	C9



27	53	161	165	C4	55	79	161	165	C4	81	108	161	165	C4	113	140	161	165	C4	0	25	161	165	C4



76	91	121	125	C4








125	133	22	38	C5	125	133	39	44	C5
92	102	56	60	C6	33	39	56	60	C6



0	6	24	30	C6	96	106	24	30	C6




































88	101	9	23	C9	49	63	9	23	C9

208	219	142	147	C9	328	339	263	268	C9
0	11	25	30	C4	0	11	34	39	C4	48	53	84	89	C4	57	63	84	89	C4
4	9	57	62	C4	13	19	57	62	C4	69	80	57	62	C4
32	44	25	30	C4	32	44	82	87	C4

0	8	105	124	C9



154	162	61	80	C9	154	162	84	115	C9	176	186	61	80	C9	176	186	84	115	C9
118	126	64	83	C9
175	183	33	52	C9	175	183	110	141	C9



12	20	201	208	C4	12	20	212	215	C4	24	34	201	208	C4	24	34	212	215	C4	69	77	201	208	C4	69	77	212	215	C4	12	20	52	59	C5	24	34	52	59	C5	69	77	89	96	C6







44	53	8	15	C5















20	29	53	58	C3	20	29	62	69	C3

0	9	74	85	C4	0	9	87	93	C4	0	9	39	64	C4	0	9	66	69	C4


















































52	60	36	41	C6

43	55	19	24	C6




64	75	46	54	C4

























28	37	62	66	C4	28	37	68	73	C4

















70	76	53	54	C4	78	86	53	54	C4
56	62	7	10	C4	56	62	12	15	C4	56	62	26	29	C4	65	73	7	10	C4	65	73	12	15	C4	65	73	26	29	C4
144	150	98	100	C4
35	43	0	3	C3


0	7	97	98	C4	0	7	100	108	C4	0	7	79	95	C4	173	185	97	98	C4	173	185	100	108	C4	173	185	79	95	C4	187	199	97	98	C4	187	199	100	108	C4	187	199	79	95	C4	204	216	97	98	C4	204	216	100	108	C4	204	216	79	95	C4
101	114	180	183	C4	116	134	180	183	C4	139	148	180	183	C4	209	218	180	183	C4














99	108	27	33	C3	99	108	35	43	C3	99	108	45	55	C3	99	108	59	62	C3














0	11	56	76	C3	0	11	80	111	C3	0	11	138	145	C4







26	32	35	72	C6












189	225	0	6	C9	189	225	14	58	C9	189	225	60	66	C9	227	235	0	6	C9	227	235	14	58	C9	227	235	60	66	C9	140	170	0	6	C9	140	170	14	58	C9	140	170	60	66	C9	172	177	0	6	C9	172	177	14	58	C9	172	177	60	66	C9
69	77	18	24	C9


64	71	0	23	C9	54	61	0	23	C9
0	7	96	135	C5
14	19	33	46	C9


















67	74	0	35	C9	67	74	48	54	C9	85	93	0	35	C9	85	93	48	54	C9





41	48	13	17	C6	41	48	19	30	C6



240	326	152	156	C6	240	326	158	162	C6	240	326	165	229	C6	328	335	152	156	C6	328	335	158	162	C6	328	335	165	229	C6





60	66	85	88	C4	60	66	43	50	C4
161	167	188	195	C4



53	59	16	19	C4




0	9	42	63	C4	13	26	42	63	C4





















0	25	50	83	C5	27	32	50	83	C5







321	334	251	267	C4	99	108	76	88	C6	168	178	127	131	C6	168	178	135	139	C6	221	232	197	202	C6	384	391	355	373	C6
14	19	98	107	C5	14	19	111	123	C5	134	145	98	107	C6	134	145	111	123	C6
17	22	67	85	C3	17	22	106	111	C3	17	22	114	119	C3























0	9	91	94	C4	0	9	70	89	C4	24	36	91	94	C4	24	36	70	89	C4

0	9	171	173	C4	0	9	80	83	C4

0	9	52	54	C4
15	24	32	43	C4	15	24	52	56	C4
64	77	114	117	C4	126	139	171	174	C4	142	149	171	174	C4


0	6	33	58	C3


113	126	78	81	C3	113	126	91	95	C3	113	126	99	103	C3



86	94	18	21	C4	86	94	73	75	C4
36	42	63	66	C3	101	107	124	127	C3




25	34	90	113	C4	25	34	115	117	C4
50	59	90	98	C4


9	19	29	53	C3


35	45	68	75	C3
45	52	73	75	C3
128	138	147	149	C3
261	271	280	282	C3
77	91	112	126	C9
91	98	73	87	C3



208	224	295	299	C4	226	228	295	299	C4	185	197	154	177	C5	199	201	154	177	C5


118	125	97	108	C4


146	155	172	183	C9









71	80	54	65	C4	82	89	54	65	C4	93	97	54	65	C4
29	36	0	3	C3

83	90	22	25	C3	92	96	22	25	C3	100	108	22	25	C3	122	127	22	25	C3	132	136	22	25	C3	140	144	22	25	C3
59	68	47	50	C4

0	2	36	50	C3	4	6	36	50	C3
103	113	0	44	C3	103	113	46	50	C3	67	69	0	44	C3	67	69	46	50	C3	73	75	0	44	C3	73	75	46	50	C3





13	15	36	40	C3	19	21	36	40	C3


34	50	67	70	C4	34	50	74	78	C4
23	39	95	125	C4













118	125	147	160	C4	118	125	162	166	C4


100	107	175	179	C4	123	134	175	179	C4



24	35	166	170	C4




















148	165	0	64	C9	148	165	66	75	C9	148	165	77	105	C9


75	118	11	39	C9	154	197	11	39	C9








0	6	58	61	C4	0	6	65	70	C4
30	36	56	61	C4
23	29	47	52	C4	23	29	65	67	C4

83	89	92	95	C4


18	24	66	68	C4	18	24	70	73	C4	18	24	77	82	C4
65	71	48	53	C4



83	92	6	9	C3	83	92	14	36	C3	83	92	0	4	C3	75	81	6	9	C3	75	81	14	36	C3	75	81	0	4	C3	96	101	6	9	C3	96	101	14	36	C3	96	101	0	4	C3








88	94	81	85	C3	20	23	81	85	C4	25	33	81	85	C4	37	47	81	85	C4	20	23	5	7	C6	25	33	5	7	C6	37	47	5	7	C6

71	93	19	22	C3	71	93	61	63	C5
11	17	38	42	C3	22	27	38	42	C3





129	132	78	98	C9	129	132	100	102	C9

109	127	46	63	C9	109	127	65	69	C9	129	131	46	63	C9	129	131	65	69	C9


0	9	55	75	C4	0	9	77	81	C4	11	18	55	75	C4	11	18	77	81	C4

35	44	21	23	C4









31	40	71	73	C4	124	134	109	113	C4





141	148	26	50	C4	141	148	52	55	C4

0	7	46	49	C4


92	99	128	131	C4
46	54	83	86	C4
68	75	38	42	C4	68	75	44	48	C4	68	75	51	54	C4	68	75	56	60	C4
165	170	144	153	C4	174	184	144	153	C4

24	31	60	63	C4
5	12	59	62	C4





125	129	62	81	C5	99	123	62	81	C5




26	30	61	80	C4








126	180	28	31	C4	126	180	34	38	C4	182	186	28	31	C4	182	186	34	38	C4	223	233	203	213	C4	223	233	28	31	C4	223	233	34	38	C4	276	287	253	266	C4	276	287	28	31	C4	276	287	34	38	C4
109	138	104	106	C3	109	138	150	154	C3	109	138	156	160	C3


18	31	44	73	C3









79	81	127	130	C3

























0	2	143	146	C3	0	2	125	134	C4




94	103	43	68	C4	82	92	43	68	C4	108	115	43	68	C4	138	144	43	68	C4	146	148	43	68	C4



27	37	95	107	C4	27	37	109	113	C4






15	25	71	75	C4

35	45	124	128	C4





7	14	17	20	C4	7	14	53	57	C4
86	88	101	127	C4	86	88	129	134	C4	86	88	229	234	C4


65	67	144	146	C3	65	67	126	131	C4

173	196	106	109	C3	173	196	15	36	C3	173	196	38	45	C3	173	196	79	104	C3	198	201	106	109	C3	198	201	15	36	C3	198	201	38	45	C3	198	201	79	104	C3	124	126	106	109	C4	124	126	15	36	C4	124	126	38	45	C4	124	126	79	104	C4




13	15	40	47	C4









68	74	194	207	C3


45	54	82	96	C3	34	41	82	96	C6



























0	9	254	284	C4	0	9	52	65	C4	0	9	118	152	C4	0	9	153	155	C4	11	18	254	284	C4	11	18	52	65	C4

























0	9	16	40	C6




0	9	27	43	C6













98	109	83	88	C3	120	130	83	88	C3	142	153	83	88	C3
54	63	14	19	C4
79	89	54	59	C3	93	104	54	59	C3	34	45	54	59	C3
24	35	45	49	C3	126	131	142	147	C3	126	131	95	97	C4	126	131	101	109	C4
23	34	55	60	C3	23	34	102	107	C3	23	34	222	226	C3	23	34	251	256	C3	23	34	137	152	C4	23	34	169	171	C4






















38	50	16	19	C4	54	60	16	19	C4

0	21	44	47	C4






































69	97	40	66	C4
247	275	0	26	C4	247	275	28	30	C4	277	280	0	26	C4	277	280	28	30	C4




















0	11	21	37	C3	0	11	74	90	C3	100	112	21	37	C4	100	112	74	90	C4




8	19	68	70	C3	8	19	74	77	C3
0	12	34	35	C4	0	12	57	59	C4	0	12	63	66	C4
0	11	33	34	C3	0	11	93	94	C3	78	90	33	34	C4	78	90	93	94	C4

30	41	97	98	C3	30	41	49	62	C4	30	41	64	66	C4
20	31	54	55	C3	85	97	54	55	C4
202	213	181	182	C3


















0	9	69	84	C4	0	9	86	88	C4	40	46	69	84	C4	40	46	86	88	C4	11	38	69	84	C4	11	38	86	88	C4

36	45	85	89	C4	36	45	98	102	C4
249	263	234	238	C4	249	263	242	246	C4	279	287	234	238	C4	279	287	242	246	C4


0	9	116	120	C4	0	9	127	131	C4




59	69	88	115	C9	59	69	117	119	C9	59	69	124	139	C9	59	69	141	143	C9	59	69	174	192	C9	59	69	194	196	C9






















184	202	18	42	C9	184	202	44	47	C9	204	208	18	42	C9	204	208	44	47	C9











0	10	98	102	C4	70	77	98	102	C4
64	71	92	96	C4
49	66	140	144	C4	74	101	140	144	C4





147	155	69	72	C9	147	155	74	105	C9	261	269	187	190	C9	261	269	192	213	C9
86	93	18	21	C9	86	93	23	30	C9

74	82	85	88	C9	146	154	160	163	C9
70	78	21	37	C9	70	78	51	54	C9	70	78	58	61	C9












14	27	74	84	C4	14	27	87	92	C4	29	31	74	84	C4	29	31	87	92	C4	43	48	74	84	C4	43	48	87	92	C4


81	108	126	136	C4	110	115	126	136	C4

25	31	77	95	C3

124	132	149	167	C9	124	132	169	170	C9	97	105	149	167	C9	97	105	169	170	C9









43	53	24	33	C5	43	53	3	22	C5	57	65	24	33	C5	57	65	3	22	C5





163	172	122	141	C6












0	6	27	31	C4


93	102	129	133	C4	93	102	137	147	C4	93	102	149	156	C4

31	40	84	88	C4	109	115	84	88	C4


























8	17	84	92	C3








126	127	68	88	C9	126	127	90	95	C9	144	150	68	88	C9	144	150	90	95	C9


8	18	132	171	C3	8	18	173	180	C3	47	56	132	171	C3	47	56	173	180	C3







24	31	157	176	C9	24	31	132	153	C9















148	161	15	24	C4











36	46	60	62	C4	36	46	23	25	C4


























51	63	138	156	C3	213	221	172	192	C4







3	7	51	54	C3
3	7	41	47	C3
28	35	175	194	C3	28	35	198	216	C3	238	245	175	194	C3	238	245	198	216	C3	9	13	175	194	C4	9	13	198	216	C4















106	140	75	103	C4	0	27	75	103	C4




0	27	50	53	C4	103	123	50	53	C4

21	28	60	63	C4	21	28	39	50	C4

0	7	123	130	C4	206	213	200	203	C4












103	111	180	199	C3










0	9	29	46	C6






8	15	17	19	C6	8	15	21	23	C6



71	78	42	59	C6










32	35	65	67	C3	32	35	88	98	C3	32	35	45	49	C4



0	14	50	58	C4	0	14	60	63	C4	0	14	67	70	C4


11	13	44	72	C3	11	13	22	34	C4	11	13	36	39	C4
242	244	254	262	C4
64	66	28	30	C4	64	66	32	35	C4
80	86	95	98	C3	11	13	51	54	C4
90	92	106	108	C4	90	92	122	125	C4
















25	34	51	52	C3	79	88	51	52	C4


133	142	99	101	C3	133	142	103	106	C3	133	142	110	113	C3	39	48	99	101	C4	39	48	103	106	C4	39	48	110	113	C4
8	17	57	60	C4	8	17	64	67	C4
20	29	40	49	C4





















112	127	41	63	C5	78	89	41	63	C5	92	108	41	63	C5




139	144	66	74	C4	15	57	66	74	C4
115	157	170	178	C4	115	157	180	181	C4









153	155	164	174	C3	153	155	176	179	C3




25	32	52	56	C4






25	32	114	117	C4	25	32	121	125	C4
11	18	27	31	C4
27	34	80	88	C4

























92	106	13	17	C9	92	106	33	55	C9








72	83	98	102	C4	121	126	138	142	C4

162	165	62	66	C9	162	165	99	103	C9	162	165	115	121	C9





108	116	18	22	C6	60	70	18	22	C6	72	82	18	22	C6	84	94	18	22	C6	95	104	18	22	C6
19	27	85	89	C4	51	64	85	89	C4	66	74	85	89	C4	19	27	199	203	C5	51	64	199	203	C5	66	74	199	203	C5
56	65	24	28	C5	67	75	24	28	C5	56	65	4	8	C6	67	75	4	8	C6	133	143	167	171	C6

































55	72	49	52	C9	91	102	49	52	C9



75	88	106	110	C9







20	29	83	85	C4	33	42	83	85	C4







0	7	61	88	C4	0	7	90	94	C4	0	7	97	117	C4	0	7	119	123	C4	0	7	126	144	C4	0	7	146	149	C4	0	7	155	168	C4	0	7	170	173	C4
104	111	74	78	C4
0	7	130	134	C4	0	7	99	102	C4	0	7	50	84	C4
95	102	162	173	C4
23	30	93	97	C4












0	40	135	139	C3	0	40	150	164	C3	0	40	116	120	C4
23	63	185	203	C4	23	63	205	208	C4	65	69	185	203	C4	65	69	205	208	C4
11	15	104	119	C4	11	15	121	125	C4	11	15	142	144	C4	11	15	148	150	C4	11	15	51	53	C4
0	25	126	129	C4	27	30	126	129	C4	169	173	187	190	C4	0	25	42	46	C4	27	30	42	46	C4	169	173	214	218	C4
16	20	63	101	C3	16	20	103	106	C3	16	20	29	43	C3	16	20	45	48	C3
11	30	47	50	C3	32	35	47	50	C3
11	28	45	48	C4	30	33	45	48	C4
8	12	51	54	C3	8	12	167	170	C3	8	12	81	84	C3	110	114	51	54	C3	110	114	81	84	C3	123	124	167	170	C4	110	114	167	170	C4
37	41	138	141	C3	37	41	152	155	C3	52	53	111	115	C4	52	53	138	141	C4	52	53	152	155	C4	37	41	111	115	C4
103	112	17	20	C6	103	112	72	75	C6
70	79	35	38	C6	70	79	56	59	C6





49	58	83	86	C4
62	70	47	50	C6



























223	232	49	76	C4	223	232	119	122	C4	223	232	210	213	C4























119	121	150	152	C4	119	121	156	160	C4	119	121	147	148	C4

13	15	56	60	C4	13	15	52	54	C4














70	72	0	18	C9	70	72	20	21	C9	46	68	0	18	C9	46	68	20	21	C9































































0	9	18	24	C4





12	21	64	70	C4



161	170	191	197	C4









34	47	3	5	C9	90	101	57	61	C9

190	196	176	180	C4	241	246	204	225	C4	241	246	227	230	C4	59	64	45	49	C4	94	102	74	78	C4	94	102	80	84	C4




0	12	31	47	C6	0	12	82	109	C6	14	15	31	47	C6	14	15	82	109	C6
44	45	47	73	C9	44	45	75	78	C9	123	131	47	73	C9	123	131	75	78	C9	123	131	152	154	C9	134	150	47	73	C9	134	150	75	78	C9	134	150	152	154	C9	134	150	156	165	C9











































0	13	21	26	C4



33	47	94	99	C4	33	47	101	110	C4	49	51	94	99	C4	49	51	101	110	C4







148	150	176	181	C3	27	29	37	42	C4	27	29	65	74	C4	148	150	122	127	C4
57	70	81	86	C4	57	70	88	97	C4
5	11	58	70	C3




81	87	107	110	C3



71	77	13	16	C3











0	12	38	53	C4	14	24	38	53	C4


11	23	52	56	C4
40	52	6	8	C4
19	33	136	140	C9	63	79	144	148	C9
8	20	55	59	C4	8	20	96	100	C4	8	20	126	130	C4

0	12	65	69	C4
64	76	19	23	C4	64	76	41	45	C4
29	41	51	55	C4


123	135	22	26	C4
44	51	31	33	C6


0	7	84	87	C6
0	7	15	19	C3



































191	194	22	46	C4	191	194	48	70	C4	191	194	72	91	C4	191	194	93	95	C4


51	59	104	130	C3	51	59	134	153	C3	51	59	165	178	C3	193	196	104	130	C3	193	196	134	153	C3	193	196	165	178	C3






16	26	84	117	C4	16	26	119	122	C4	16	26	130	152	C4	16	26	154	156	C4	28	40	84	117	C4	28	40	119	122	C4	28	40	130	152	C4	28	40	154	156	C4	42	49	84	117	C4	42	49	119	122	C4	42	49	130	152	C4	42	49	154	156	C4
0	10	56	59	C4

73	89	94	117	C9	73	89	120	144	C9






25	40	75	83	C4	44	50	75	83	C4

0	15	39	47	C4	0	15	78	84	C4	19	25	39	47	C4	19	25	78	84	C4















137	145	38	67	C9	137	145	69	74	C9
53	63	0	5	C9
















11	21	62	70	C4
38	48	79	92	C3	38	48	109	133	C4




180	188	114	118	C4	180	188	120	130	C4	180	188	165	169	C4













0	8	44	49	C4	0	8	51	56	C4	0	8	61	64	C4










21	25	12	15	C3	21	25	36	40	C3	21	25	84	88	C4
8	12	32	36	C4


14	21	44	46	C4	14	21	47	50	C4	14	21	59	63	C4







8	14	60	65	C4
81	87	14	19	C4	140	146	14	19	C4


51	57	101	106	C4	156	162	101	106	C4
134	141	78	81	C3	29	35	78	81	C4


81	86	13	16	C4
61	66	115	118	C4
29	34	55	58	C4






24	32	80	83	C9

















20	30	201	205	C4
32	42	198	202	C3
39	49	79	83	C3	184	194	79	83	C3
65	78	10	31	C3	65	78	33	35	C3	65	78	96	111	C4



0	2	86	91	C4	0	2	16	22	C4
94	98	80	84	C4	136	144	109	125	C6	73	77	37	58	C6	73	77	60	61	C6
37	39	123	125	C3	37	39	168	173	C4	37	39	56	62	C4
47	49	69	75	C4









141	147	168	206	C9	141	147	208	212	C9	151	154	168	206	C9	151	154	208	212	C9
63	66	15	19	C9	63	66	26	49	C9	53	59	15	19	C9	53	59	26	49	C9
11	17	44	48	C9
145	151	203	207	C9
98	101	156	160	C9
111	117	143	147	C9
66	72	75	79	C9








3	9	111	113	C9	3	9	116	126	C9	3	9	131	144	C9	3	9	29	61	C9	3	9	63	69	C9	3	9	72	95	C9	3	9	97	109	C9

49	51	0	21	C3	60	62	0	21	C3	85	87	0	21	C4

























60	69	40	51	C4	73	83	40	51	C4	25	39	40	51	C4
83	92	31	36	C4	83	92	48	53	C4	83	92	55	60	C4	96	106	31	36	C4	96	106	48	53	C4	96	106	55	60	C4

202	216	54	59	C4	202	216	217	228	C4



147	156	104	115	C3	147	156	117	120	C3	147	156	124	127	C3	178	188	104	115	C3	178	188	117	120	C3	178	188	124	127	C3


0	8	19	22	C3	0	8	42	52	C3	161	173	42	52	C4	177	186	42	52	C4	161	173	19	22	C4	177	186	19	22	C4
177	186	141	151	C3	177	186	103	106	C3

117	125	134	137	C3	36	43	134	137	C4






























60	68	76	88	C4



99	101	26	28	C9	99	101	33	59	C9	99	101	61	63	C9	99	101	0	24	C9	72	81	26	28	C9	72	81	33	59	C9	72	81	61	63	C9	72	81	0	24	C9
83	85	18	42	C9	83	85	44	46	C9


558	560	455	476	C3	558	560	478	480	C3	67	85	54	56	C4	87	89	54	56	C4











0	10	19	29	C4






10	20	74	84	C4
0	10	32	42	C4


41	47	15	33	C5




165	171	139	157	C5	172	255	139	157	C5

5	11	18	26	C4


25	31	8	17	C5


71	79	0	38	C9	114	123	0	38	C9	127	134	0	38	C9





122	130	90	93	C9






33	36	92	94	C4	179	182	92	94	C4	214	215	92	94	C9	165	166	92	94	C9

62	63	21	23	C9









0	3	26	64	C3



41	44	80	82	C4	41	44	86	88	C4	41	44	67	71	C4
28	31	74	112	C3	28	31	114	120	C3
193	196	118	124	C4


153	156	144	150	C3





23	34	109	111	C3	23	34	146	148	C3






0	8	21	56	C4



14	22	88	101	C3	14	22	57	59	C3


11	19	38	43	C9









0	4	40	42	C3	0	4	44	47	C3	0	4	49	50	C3	0	4	52	54	C3	0	4	70	72	C4











80	89	91	92	C5	107	118	120	123	C5	133	144	146	150	C5	160	170	172	176	C5	188	195	207	208	C6	197	206	207	208	C6

70	78	37	40	C6	80	89	37	40	C6	93	102	37	40	C6	181	190	160	163	C6	181	190	165	169	C6	192	199	160	163	C6	192	199	165	169	C6















55	64	86	105	C6	68	81	86	105	C6
41	50	9	30	C6	52	57	9	30	C6	78	91	9	30	C6	122	126	9	30	C6	130	145	9	30	C6




















15	24	32	42	C4
0	9	13	29	C6
38	47	59	68	C4	38	47	114	119	C4	38	47	130	135	C4	38	47	153	158	C4	38	47	170	175	C4
0	9	17	22	C4
0	9	30	39	C4	0	9	193	198	C4


83	92	56	61	C4

83	92	130	135	C4	83	92	168	173	C4
21	30	37	47	C4



0	9	93	122	C4

























27	32	42	44	C6	27	32	94	96	C6	27	32	142	144	C6


















50	60	67	78	C4

63	70	140	153	C4	83	98	140	153	C4


45	60	76	83	C4	142	152	168	175	C4



35	45	73	111	C3
88	98	130	133	C4
132	142	169	172	C4

















46	54	24	25	C4	58	66	24	25	C4














119	124	126	143	C4	119	124	145	148	C4


248	253	261	272	C3	256	259	261	272	C3	140	151	174	177	C4	190	195	197	226	C5	190	195	228	232	C5






















7	13	117	122	C4	7	13	152	156	C4	7	13	176	180	C4	7	13	220	222	C4	7	13	279	281	C4
29	46	77	96	C5


















119	127	89	107	C4	131	142	89	107	C4
176	184	146	164	C4	188	199	146	164	C4






















37	45	129	131	C3	48	58	129	131	C3	37	45	93	103	C4	48	58	93	103	C4
















26	31	3	16	C4	26	31	50	53	C4	34	39	94	97	C4	34	39	3	16	C4	34	39	50	53	C4

0	5	29	42	C4	0	5	67	70	C4	8	13	29	42	C4	8	13	67	70	C4





54	68	28	31	C9	54	68	13	26	C9











0	11	131	143	C6	0	11	32	53	C6









4	15	68	79	C6

128	137	30	48	C4


















46	48	81	85	C4


















0	18	25	54	C3
72	82	12	41	C9	72	82	43	46	C9	84	85	12	41	C9	84	85	43	46	C9

93	108	50	53	C9	110	118	50	53	C9
11	14	87	90	C3	67	75	87	90	C9	40	53	87	90	C9	55	63	87	90	C9
37	56	15	20	C5

170	199	130	133	C6	111	122	80	85	C6	111	122	87	99	C6	201	206	130	133	C6	211	241	130	133	C6	243	247	130	133	C6

95	98	89	92	C3







150	159	36	40	C5	150	159	42	46	C5	59	70	36	40	C6	59	70	42	46	C6	82	93	36	40	C6	82	93	42	46	C6
16	26	38	42	C6	54	63	76	80	C6	92	103	116	126	C6
0	15	34	52	C6

23	32	187	204	C3	23	32	77	81	C5
46	54	33	37	C9	46	54	3	32	C9


202	234	154	165	C6
130	143	27	57	C4	130	143	59	63	C4	130	143	66	96	C4	130	143	159	180	C6	130	143	182	212	C6
125	135	156	160	C9


53	93	118	121	C4

61	68	87	90	C4	61	68	108	111	C4	129	134	87	90	C4	129	134	108	111	C4


35	74	126	129	C4	35	74	167	170	C4


0	9	65	68	C4	0	9	70	95	C4	11	16	65	68	C4	11	16	70	95	C4	18	38	65	68	C4	18	38	70	95	C4

196	204	152	156	C4	196	204	157	170	C4	181	189	152	156	C4	181	189	157	170	C4















12	15	36	46	C4	17	22	36	46	C4	56	67	36	46	C4


77	78	170	179	C4	129	132	170	179	C4	139	150	170	179	C4











































0	9	64	79	C4
0	9	104	109	C4	0	9	52	67	C4	0	9	69	71	C4	0	9	86	102	C4	11	13	104	109	C4	11	13	52	67	C4	11	13	69	71	C4	11	13	86	102	C4
0	2	22	24	C9



155	169	143	145	C4	171	173	143	145	C4

110	112	132	134	C9

21	27	12	16	C3
122	128	108	112	C3	130	133	108	112	C3


59	62	47	51	C4


35	38	22	24	C3	35	38	28	32	C3










78	83	0	3	C9	78	83	11	35	C9	78	83	37	41	C9	102	113	0	3	C9	102	113	11	35	C9	102	113	37	41	C9	133	163	0	3	C9	133	163	11	35	C9


152	182	16	19	C9
























140	147	162	167	C6	170	177	192	197	C6








174	181	225	238	C3

















80	86	60	65	C4	90	98	60	65	C4







0	15	71	75	C3	0	15	79	83	C3

89	104	74	76	C3	106	108	74	76	C3
0	2	24	28	C3
135	138	12	16	C3	135	138	44	47	C3	129	131	12	16	C3	129	131	44	47	C3
80	82	17	21	C3	86	89	17	21	C3	277	279	351	355	C3	277	279	378	382	C3	283	286	351	355	C3	283	286	378	382	C3	119	181	104	108	C4	119	181	217	221	C4	119	181	225	229	C4
19	21	134	138	C3



























24	27	178	181	C3	28	121	178	181	C3




0	3	78	94	C3	0	3	96	101	C3	0	3	106	136	C3	0	3	138	141	C3











99	168	71	79	C4	99	168	81	89	C4
94	94	136	144	C4	94	94	148	156	C4	0	69	136	144	C4	0	69	148	156	C4	96	97	136	144	C4	96	97	148	156	C4	99	100	136	144	C4	99	100	148	156	C4

39	47	79	87	C4	39	47	91	106	C4
9	14	37	45	C4





107	110	0	14	C3	107	110	16	44	C3	107	110	48	70	C3	117	121	129	135	C3	117	121	139	144	C3




0	10	114	129	C3	0	10	130	151	C3	0	10	155	196	C3	0	10	92	96	C4	0	10	18	38	C4	0	10	40	44	C4


90	100	30	52	C3	90	100	54	60	C3
94	104	113	119	C3	171	179	113	119	C3	182	193	113	119	C3	233	241	113	119	C4





58	63	102	103	C3














158	168	96	99	C4	158	168	142	145	C4	170	178	96	99	C4	170	178	142	145	C4	180	191	96	99	C4	180	191	142	145	C4	196	241	96	99	C4	196	241	142	145	C4	326	334	310	313	C4	336	345	310	313	C4	350	358	310	313	C4
75	77	42	45	C3
125	127	53	58	C4






337	345	354	359	C5	369	379	381	386	C5






























12	63	75	87	C4
74	110	42	54	C4



50	86	123	135	C4














91	102	38	58	C9	91	102	62	88	C9


















54	70	28	32	C9


43	53	29	32	C6
66	77	37	50	C4	66	77	52	54	C4	111	116	96	100	C4	152	168	137	141	C4
46	55	19	35	C4

42	49	94	105	C3

0	9	31	44	C4	0	9	48	61	C4
0	9	167	181	C4	0	9	49	62	C4	0	9	64	66	C4	0	9	71	84	C4	0	9	86	88	C4
163	171	157	161	C4




0	9	98	129	C4	0	9	131	135	C4	0	9	170	189	C4
9	18	28	32	C4	9	18	36	40	C4
0	8	23	27	C4	0	8	48	52	C4

0	9	25	29	C4	50	62	25	29	C9	112	124	25	29	C9









56	61	83	85	C3	56	61	89	92	C3	56	61	115	121	C4


36	41	50	52	C3



42	49	0	3	C9










51	53	214	218	C3	51	53	223	231	C3	56	60	214	218	C3	56	60	223	231	C3





29	38	84	88	C3	29	38	92	100	C3















43	46	3	8	C4	43	46	19	22	C4











0	7	35	71	C3	0	7	99	101	C4	0	7	105	111	C4






87	99	0	3	C9























88	96	19	21	C9













33	43	155	174	C6	33	43	257	275	C6	33	43	57	76	C6






50	66	87	90	C9



































62	67	45	52	C4

113	118	95	102	C4











0	10	19	26	C4

36	68	127	135	C4	70	80	127	135	C4	82	84	127	135	C4
51	53	15	23	C4	51	53	91	98	C4

0	2	22	30	C4	0	2	55	63	C4	0	2	119	126	C4	0	2	127	147	C4	0	2	148	152	C4	0	2	119	126	C4	0	2	127	147	C4	0	2	148	152	C4
11	13	42	72	C4	11	13	75	82	C4

47	61	22	37	C4

22	36	74	89	C4	22	36	91	93	C4






26	40	66	72	C4	26	40	89	94	C4	26	40	138	143	C4















0	5	95	106	C6	7	77	95	106	C6















0	10	40	43	C4	0	10	47	50	C4














0	2	31	34	C4	0	2	66	70	C4	0	2	72	78	C4	0	2	80	84	C4	0	2	88	100	C4	0	2	101	104	C4	0	2	106	109	C4	0	2	129	132	C4	0	2	134	136	C4

24	31	35	38	C4




56	59	0	11	C9	56	59	13	17	C9
100	109	179	213	C9	100	109	215	219	C9	100	109	225	257	C9	113	123	179	213	C9	113	123	215	219	C9	113	123	225	257	C9

















26	37	92	99	C5	39	43	92	99	C5	53	58	92	99	C5
27	32	42	70	C5	0	11	42	70	C5	13	17	42	70	C5





163	174	193	222	C4















78	83	55	68	C4










0	7	25	40	C4

14	21	98	119	C4


37	46	18	22	C4

16	25	99	108	C4	16	25	132	162	C4





166	172	70	96	C9	166	172	98	100	C9	166	172	102	111	C9	166	172	116	145	C9	166	172	147	150	C9	166	172	152	160	C9	174	176	70	96	C9	174	176	98	100	C9	174	176	102	111	C9	174	176	116	145	C9	174	176	147	150	C9	174	176	152	160	C9
77	83	44	57	C9	77	83	59	62	C9


129	135	38	57	C9	129	135	59	61	C9	129	135	63	71	C9	129	135	124	126	C9


107	111	117	119	C9	98	104	117	119	C9
58	60	22	25	C9	58	60	44	47	C9	74	89	18	20	C9	93	106	29	42	C9



32	34	60	63	C9

































0	6	83	86	C3	0	6	57	65	C4


























74	86	99	104	C4	87	95	99	104	C4
97	105	79	84	C4

88	96	104	109	C4






50	52	115	133	C3	50	52	135	136	C3	50	52	175	199	C4	50	52	201	203	C4
26	28	151	176	C3	26	28	126	129	C3	26	28	63	65	C4
86	88	54	66	C3	86	88	17	18	C4




0	11	78	126	C4	60	75	78	126	C9	43	57	78	126	C9
49	55	241	257	C4	59	71	241	257	C4

115	126	156	159	C4



30	41	75	93	C4



0	6	51	55	C3	0	6	73	91	C3
115	121	149	153	C3
17	23	32	36	C4
9	15	87	91	C3	9	15	95	99	C3	21	27	87	91	C3	21	27	95	99	C3	31	44	87	91	C3	31	44	95	99	C3






57	63	32	46	C6

75	82	52	56	C6	123	134	98	104	C6



















83	93	30	54	C4
0	10	75	77	C3	0	10	81	95	C3	0	10	128	130	C4
11	21	103	105	C3	11	21	32	34	C4
43	53	275	277	C3	43	53	199	200	C4
26	52	127	133	C4




0	11	28	39	C4

66	77	149	160	C4

29	36	95	106	C4	38	47	95	106	C4	52	62	95	106	C4





26	47	62	78	C4
75	96	32	43	C4	110	118	32	43	C4	123	139	32	43	C4
145	153	63	74	C4	23	34	63	74	C4
27	36	58	125	C4	38	41	58	125	C4	45	55	58	125	C4
259	279	0	66	C9	259	279	68	76	C9	118	129	0	66	C9	118	129	68	76	C9	133	159	0	66	C9	133	159	68	76	C9	174	195	0	66	C9	174	195	68	76	C9	199	229	0	66	C9	199	229	68	76	C9
0	9	54	62	C4	11	18	54	62	C4	22	32	54	62	C4
0	3	15	30	C4	0	3	65	73	C4

0	17	162	170	C4	20	28	162	170	C4	88	97	162	170	C4	101	113	162	170	C4




19	23	26	39	C9















49	71	103	116	C3









68	81	26	29	C3



9	16	27	30	C3	9	16	60	66	C3


28	46	47	52	C4
44	62	63	68	C4




29	39	0	20	C9


156	164	84	86	C3	156	164	88	91	C3	156	164	93	96	C3	156	164	115	122	C4	156	164	176	180	C4	31	34	16	20	C9








89	92	20	24	C9	89	92	29	62	C9



56	57	36	40	C9












70	75	14	17	C3















15	21	29	41	C4
0	6	14	30	C4	0	6	34	69	C4

0	6	14	24	C4	0	6	46	56	C4	0	6	136	146	C4	191	197	136	146	C4








138	145	105	126	C4	138	145	174	178	C4	138	145	295	299	C4	149	155	105	126	C4	149	155	174	178	C4	149	155	295	299	C4
8	15	152	156	C4





0	8	67	82	C4	12	23	67	82	C4	0	8	39	45	C9	12	23	39	45	C9
48	56	88	103	C4	48	56	105	107	C4	48	56	136	138	C4

68	79	55	57	C4	68	79	44	50	C9





34	42	95	99	C4

66	74	143	145	C4	104	115	143	145	C4	66	74	307	313	C9	104	115	307	313	C9
0	8	28	30	C4	0	8	54	71	C9
42	50	71	75	C4












































0	5	62	65	C3	0	5	8	16	C6
















95	105	78	87	C5

63	71	21	54	C4	63	71	56	59	C4
53	61	72	75	C4	53	61	106	109	C4
162	208	57	60	C9






4	12	111	114	C4



31	39	49	52	C4




















0	11	19	21	C6


0	11	76	101	C6

27	38	52	77	C4






63	73	121	129	C4	75	84	121	129	C4	86	95	121	129	C4	100	111	121	129	C4























157	165	124	129	C3













0	3	35	39	C4	0	3	41	46	C4	0	3	48	51	C4	0	3	53	57	C4	0	3	61	64	C4	0	3	29	33	C4
0	3	26	30	C4	0	3	31	33	C4	0	3	86	88	C4	0	3	89	118	C4	0	3	120	122	C4	0	3	123	126	C4

57	81	84	87	C4


82	161	194	197	C4

0	8	44	49	C9	0	8	69	77	C9	30	38	69	77	C9

56	63	28	36	C9

68	76	37	45	C4	56	66	37	45	C4
0	10	43	51	C4	14	22	43	51	C4

































80	83	104	127	C4	80	83	137	169	C4	80	83	171	174	C4







20	31	46	56	C4
9	20	118	121	C3	9	20	125	128	C3
44	55	24	28	C3	44	55	32	35	C3
20	31	62	64	C3











115	117	130	137	C4	115	117	139	142	C4



155	157	92	111	C4






147	155	53	68	C4	147	155	70	74	C4	159	171	53	68	C4	159	171	70	74	C4	189	197	53	68	C4	189	197	70	74	C4	209	217	53	68	C4	209	217	70	74	C4









0	10	151	158	C4
















































167	178	112	146	C4






42	53	92	97	C4











25	46	0	14	C3	25	46	92	104	C4	25	46	106	109	C4	50	81	92	104	C4	50	81	106	109	C4	50	81	0	14	C4

81	102	67	70	C4	104	106	67	70	C4	111	142	67	70	C4	144	150	67	70	C4
59	87	109	112	C3	36	38	109	112	C4	42	48	109	112	C4
49	51	16	19	C4	63	69	16	19	C4
131	133	9	12	C4	145	151	9	12	C4	131	133	57	60	C4	145	151	57	60	C4
53	55	87	90	C4	59	65	87	90	C4	53	55	39	42	C4	59	65	39	42	C4

43	63	0	22	C4
11	36	118	140	C4	38	74	118	140	C4	79	117	118	140	C4
46	57	128	131	C4	46	57	164	168	C4	46	57	180	185	C4	46	57	200	205	C4

















42	62	26	28	C4








140	149	117	119	C4	151	161	117	119	C4	166	175	117	119	C4


































158	165	130	147	C6	167	262	130	147	C6	298	307	270	287	C6







0	7	58	91	C9	0	7	93	96	C9	0	7	101	128	C9	0	7	130	133	C9
87	97	71	74	C4	76	84	71	74	C4	32	39	14	17	C9	32	39	21	24	C9










21	26	8	11	C4
0	4	23	28	C3




















71	77	2	23	C5	97	111	2	23	C5	119	126	2	23	C5	134	140	2	23	C5	148	160	2	23	C5























0	10	54	73	C4
0	10	89	117	C4	0	10	119	122	C4	0	10	41	48	C4	69	70	89	117	C9	69	70	119	122	C9
9	19	79	82	C4	21	30	79	82	C4	39	45	79	82	C4
56	66	159	162	C4	56	66	12	28	C4
5	15	33	78	C3	5	15	80	89	C3	127	137	115	124	C3	127	137	159	162	C4
0	10	18	57	C3	0	10	59	62	C3
43	53	75	78	C4	93	103	112	115	C4


14	24	57	65	C4	14	24	67	70	C4	14	24	75	83	C4
23	33	56	59	C4	23	33	95	103	C4	23	33	105	108	C4	23	33	113	121	C4







125	131	164	167	C4	125	131	171	175	C4	125	131	177	181	C4	135	141	164	167	C4	135	141	171	175	C4	135	141	177	181	C4














46	51	15	21	C9	55	62	15	21	C9


93	98	24	28	C9	93	98	47	51	C9	100	110	24	28	C9	100	110	47	51	C9	112	120	24	28	C9	112	120	47	51	C9	124	134	24	28	C9	124	134	47	51	C9
147	152	42	46	C9
11	16	51	55	C9


39	46	13	17	C9	30	35	13	17	C9
51	56	87	91	C9	163	173	87	91	C9










149	151	92	106	C9	125	134	92	106	C9	138	146	92	106	C9







4	22	99	103	C4	4	22	107	111	C4













21	29	56	62	C4
11	19	38	40	C3	11	19	44	46	C3

















18	27	49	56	C4
0	9	39	59	C4	0	9	61	74	C4	0	9	76	78	C4	0	9	81	111	C4	0	9	113	117	C4	0	9	123	125	C4	0	9	128	135	C4
0	9	24	26	C4


13	22	66	70	C4	13	22	72	74	C4	13	22	146	150	C4	13	22	154	156	C4


123	131	101	104	C6	133	142	101	104	C6



0	8	208	211	C6

31	39	94	104	C6	31	39	245	248	C6







222	224	130	137	C4	222	224	139	143	C4	222	224	148	182	C4	222	224	74	77	C4	222	224	79	81	C4	222	224	86	91	C4









20	22	36	44	C3
0	7	47	49	C3	0	7	53	55	C3






16	19	3	6	C4
128	131	115	118	C4
29	32	57	59	C3

71	74	84	94	C3
55	58	107	140	C3	55	58	142	150	C3	55	58	152	158	C3

















































9	21	66	71	C5	99	110	66	71	C5
98	100	77	82	C5	102	132	77	82	C5
54	64	174	184	C5
84	96	120	130	C4
17	29	51	56	C5

30	42	52	71	C6
































11	18	21	34	C4


8	15	25	27	C4	8	15	28	32	C4




12	19	62	64	C4	12	19	28	30	C4
18	25	44	46	C4
22	30	48	52	C4	39	47	48	52	C4
0	8	36	40	C4	0	8	80	89	C4	10	16	36	40	C4	10	16	80	89	C4	27	35	36	40	C4	27	35	80	89	C4
0	8	61	65	C4	0	8	82	94	C4





30	38	68	72	C4


48	59	100	133	C4	48	59	135	141	C4	61	67	100	133	C4	61	67	135	141	C4	72	84	100	133	C4	72	84	135	141	C4	0	3	100	133	C4	0	3	135	141	C4



35	47	0	7	C4	35	47	62	69	C4	88	102	0	7	C4	88	102	62	69	C4	104	106	0	7	C4	104	106	62	69	C4	88	102	108	113	C6	104	106	108	113	C6
102	105	145	152	C4	109	121	145	152	C4

130	137	111	116	C4
26	29	8	13	C4	175	187	207	213	C4
37	45	18	22	C9


51	62	37	41	C4



74	85	0	5	C4	35	43	0	5	C9


79	81	0	16	C9	79	81	18	19	C9











45	118	167	170	C3
143	150	123	127	C4




0	7	44	47	C4	0	7	51	55	C4	0	7	56	70	C4	0	7	88	95	C4
55	62	106	111	C4	55	62	121	123	C4	55	62	128	134	C4	55	62	12	19	C4	55	62	21	29	C4	55	62	34	37	C4
85	92	26	33	C4	85	92	37	39	C4








0	3	31	48	C4	0	3	50	55	C4

96	99	13	37	C4




0	62	75	86	C5






29	38	3	18	C4









35	44	3	23	C6	35	44	60	109	C6









































9	23	45	48	C4	9	23	52	55	C4

105	119	134	137	C4
























169	171	77	107	C4	169	171	109	113	C4	169	171	117	145	C4	169	171	147	150	C4

12	19	45	49	C9	22	27	52	55	C9



123	215	104	111	C6	217	226	104	111	C6





59	71	32	37	C9	73	75	32	37	C9
47	59	32	37	C9























17	21	119	142	C9	17	21	144	146	C9	0	15	119	142	C9	0	15	144	146	C9	35	64	119	142	C9	35	64	144	146	C9
86	90	13	24	C9	86	90	32	39	C9




86	90	13	18	C9	108	112	13	18	C9



79	83	75	77	C9
73	77	40	45	C9






140	151	100	103	C3	140	151	127	130	C3	153	174	100	103	C3	153	174	127	130	C3	176	191	100	103	C3	176	191	127	130	C3	196	211	100	103	C3	196	211	127	130	C3	140	151	226	251	C3	153	174	226	251	C3	176	191	226	251	C3	196	211	226	251	C3



48	59	27	30	C3	48	59	94	119	C3
34	45	68	73	C3


47	99	130	144	C4	47	99	148	149	C4
58	111	168	187	C4	58	111	189	209	C4

154	163	68	69	C4







24	31	59	79	C3	24	31	81	83	C3






48	55	218	220	C3














27	34	107	110	C3	27	34	127	136	C3








117	125	109	112	C4	127	129	109	112	C4

39	41	50	53	C3	39	41	55	57	C3	39	41	61	63	C3	39	41	65	68	C3





0	8	17	63	C4








0	8	27	30	C4
10	22	35	38	C4
43	51	154	157	C4	43	51	158	168	C4	43	51	196	205	C4	55	67	154	157	C4	55	67	158	168	C4	55	67	196	205	C4









12	14	50	65	C4	76	78	50	65	C9



126	139	147	157	C9	126	139	159	163	C9	168	175	179	212	C9	168	175	214	220	C9

68	75	53	59	C9
44	51	77	83	C4	100	108	131	135	C4
0	7	36	42	C3	0	7	85	89	C3	0	7	36	42	C3



38	45	23	29	C9

12	13	105	134	C9	12	13	136	139	C9	0	10	105	134	C9	0	10	136	139	C9	57	68	105	134	C9	57	68	136	139	C9	73	82	105	134	C9	73	82	136	139	C9






17	41	56	80	C4	17	41	82	83	C4


124	131	0	26	C9	124	131	28	30	C9

140	146	10	16	C9







45	46	75	77	C9



0	8	26	59	C4	0	8	60	74	C4
11	19	118	121	C4	11	19	123	137	C4	11	19	44	72	C4	11	19	74	77	C4	11	19	82	116	C4






0	8	36	52	C9







12	20	42	45	C4	12	20	49	52	C4	12	20	53	67	C4




81	90	138	166	C4	0	79	138	166	C4







91	106	133	152	C4


32	40	14	21	C4	32	40	74	77	C4	42	44	14	21	C4	42	44	74	77	C4	49	57	14	21	C4	49	57	74	77	C4	59	61	14	21	C4	59	61	74	77	C4









9	18	36	49	C4	21	35	36	49	C4
175	184	157	167	C4
48	57	3	23	C4	64	71	3	23	C4

0	9	88	108	C4	0	9	120	129	C4	16	23	88	108	C4	16	23	120	129	C4
81	90	58	78	C4	97	104	58	78	C4

0	9	66	80	C4	16	23	66	80	C4
10	19	51	72	C4	26	33	51	72	C4



16	23	59	69	C4	16	23	92	97	C4	0	9	59	69	C4	0	9	92	97	C4

10	19	49	54	C4	26	33	49	54	C4
80	89	36	41	C4	80	89	42	52	C4	80	89	56	61	C4	96	103	36	41	C4	96	103	42	52	C4	96	103	56	61	C4
61	70	107	133	C4
0	9	17	21	C3
0	9	36	38	C3	11	27	36	38	C3
36	45	24	26	C3
100	109	121	123	C3	48	55	121	123	C4	86	91	121	123	C4	48	55	19	36	C6	86	91	63	74	C6
8	17	29	31	C3	92	100	63	80	C6
23	32	44	46	C3



































94	97	0	27	C9	94	97	29	34	C9	69	92	0	27	C9	69	92	29	34	C9	47	62	0	27	C9	47	62	29	34	C9
25	28	41	46	C9


79	82	126	133	C4	79	82	101	105	C4
31	34	44	48	C4


42	49	96	100	C4	42	49	104	108	C4	67	82	96	100	C9	67	82	104	108	C9

48	55	116	120	C4	48	55	124	128	C4	73	88	116	120	C9	73	88	124	128	C9	90	92	116	120	C9	90	92	124	128	C9
36	43	68	72	C4	36	43	76	80	C4



64	71	13	17	C4
38	45	143	147	C4	38	45	151	155	C4	69	71	143	147	C9	69	71	151	155	C9


15	17	32	45	C3	19	21	32	45	C3
















0	11	108	127	C3	0	11	129	143	C3




25	36	245	263	C3	25	36	265	267	C3	25	36	144	163	C4	25	36	165	167	C4
25	36	57	60	C3

3	14	23	26	C3
100	111	24	27	C3	32	51	24	27	C4	53	56	24	27	C4
24	35	98	101	C3	24	35	103	106	C3


73	82	28	31	C9	73	82	0	26	C9	68	70	28	31	C9	68	70	0	26	C9











77	83	96	105	C4
25	33	3	11	C4	37	43	3	11	C4














0	4	106	108	C3	0	4	110	114	C3	0	4	32	34	C3	0	4	65	69	C4
0	4	35	37	C3	0	4	41	43	C3	0	4	45	48	C3


4	14	30	34	C3


50	60	70	90	C3	50	60	92	96	C3









61	71	123	129	C3	61	71	162	166	C3












0	8	34	36	C4	0	8	37	66	C4



19	28	64	93	C3	19	28	118	120	C3	19	28	121	124	C3	19	28	155	159	C3
9	18	27	31	C3	132	139	96	98	C4	132	139	116	118	C4	132	139	119	122	C4

48	57	66	68	C3	48	57	69	72	C3	48	57	82	86	C3	12	20	82	86	C4	12	20	66	68	C4	12	20	69	72	C4
118	126	97	101	C4	130	139	97	101	C4
62	70	44	46	C4	62	70	47	50	C4
0	8	95	99	C3	0	8	18	24	C4



202	204	104	110	C4
206	208	147	151	C3	206	208	155	164	C3	206	208	182	191	C4
103	105	163	169	C4
31	33	93	97	C3	31	33	47	53	C4















0	8	46	61	C4


21	29	91	117	C3











100	106	268	272	C4	125	136	268	272	C4	147	159	268	272	C4	10	25	28	31	C5





54	72	23	38	C4	0	9	23	38	C4

13	22	80	91	C4	28	29	80	91	C4	102	123	80	91	C4	127	133	80	91	C4












118	120	154	161	C3	118	120	165	167	C4	123	132	154	161	C4	123	132	165	167	C4	13	15	100	107	C4	13	15	111	113	C4	19	28	100	107	C4	19	28	111	113	C4

24	26	87	91	C4	30	39	87	91	C4	109	111	147	151	C4	109	111	154	157	C4	24	26	62	66	C4	30	39	62	66	C4


